plate	position	score	well	wellAnno	finalWellAnno	raw_r1_ch1	raw_r2_ch1	raw_r3_ch1	median_ch1	average_ch1	raw/PlateMedian_r1_ch1	raw/PlateMedian_r2_ch1	raw/PlateMedian_r3_ch1	normalized_r1_ch1	normalized_r2_ch1	normalized_r3_ch1	GeneID	Entrez_gene_ID
1	70	3.03	C22	sample	sample	396800	447490	401300	401300	415196.666666667	1.55	1.56	1.52	0.632	0.64	0.605	PDE4D	5144
1	214	2.49	I22	sample	sample	380760	388830	392300	388830	387296.666666667	1.49	1.35	1.49	0.572	0.438	0.573	GDA	9615
1	254	2.11	K14	sample	sample	391160	367430	369140	369140	375910	1.53	1.28	1.4	0.611	0.356	0.485	PYCR1	5831
1	64	2.06	C16	sample	sample	354620	373530	366020	366020	364723.333333333	1.38	1.3	1.39	0.47	0.38	0.473	NPR1	4881
1	47	2.02	B23	sicon1	sicon1	292320	385100	363880	363880	347100	1.14	1.34	1.38	0.191	0.424	0.464	NA	NA
1	86	1.99	D14	sample	sample	357410	382120	341980	357410	360503.333333333	1.4	1.33	1.3	0.481	0.412	0.375	PYCR1	5831
1	191	1.95	H23	allstar	allstar	318320	393930	359740	359740	357330	1.24	1.37	1.36	0.314	0.456	0.448	NA	NA
1	60	1.9	C12	sample	sample	360820	376780	356950	360820	364850	1.41	1.31	1.35	0.495	0.392	0.436	ITGB3BP	23421
1	37	1.86	B13	sample	sample	335380	344510	362330	344510	347406.666666667	1.31	1.2	1.37	0.389	0.263	0.458	CTPS2	56474
1	238	1.79	J22	sample	sample	362690	371340	314510	362690	349513.333333333	1.42	1.29	1.19	0.502	0.371	0.254	PDE4D	5144
1	69	1.78	C21	sample	sample	331260	331720	357690	331720	340223.333333333	1.29	1.16	1.36	0.371	0.208	0.439	PDE4A	5141
1	77	1.76	D05	sample	sample	330160	401320	298580	330160	343353.333333333	1.29	1.4	1.13	0.366	0.483	0.179	PDE6D	5147
1	54	1.75	C06	sample	sample	329900	387340	301070	329900	339436.666666667	1.29	1.35	1.14	0.365	0.432	0.191	GMPS	8833
1	66	1.72	C18	sample	sample	318100	373330	347120	347120	346183.333333333	1.24	1.3	1.32	0.313	0.379	0.396	NT5C3A	51251
1	95	1.61	D23	sicon1	sicon1	308790	361690	357430	357430	342636.666666667	1.21	1.26	1.35	0.27	0.333	0.438	NA	NA
1	2	1.61	A02	sicon1	sicon1	327390	348360	340810	340810	338853.333333333	1.28	1.21	1.29	0.354	0.279	0.37	NA	NA
1	46	1.61	B22	sample	sample	323080	373450	333070	333070	343200	1.26	1.3	1.26	0.335	0.379	0.336	GDA	9615
1	237	1.55	J21	sample	sample	320530	358820	329060	329060	336136.666666667	1.25	1.25	1.25	0.324	0.322	0.319	PDE4A	5141
1	23	1.54	A23	sicon1	sicon1	320010	351650	378850	351650	350170	1.25	1.22	1.44	0.321	0.293	0.522	NA	NA
1	71	1.53	C23	sicon1	sicon1	319730	359780	297080	319730	325530	1.25	1.25	1.13	0.32	0.326	0.171	NA	NA
1	33	1.51	B09	sample	sample	318580	315630	347960	318580	327390	1.24	1.1	1.32	0.315	0.137	0.4	ASNS	440
1	67	1.39	C19	sample	sample	308650	380980	329340	329340	339656.666666667	1.21	1.33	1.25	0.269	0.408	0.32	PAICS	10606
2	46	1.36	B22	sample	sample	546440	525530	451870	525530	507946.666666667	1.12	1.23	1.24	0.162	0.297	0.312	GDA	9615
2	2	1.35	A02	sicon1	sicon1	593750	520490	426800	520490	513680	1.22	1.22	1.17	0.282	0.283	0.23	NA	NA
1	29	1.35	B05	sample	sample	334370	345930	327150	334370	335816.666666667	1.31	1.2	1.24	0.385	0.269	0.311	ADCY3	109
2	29	1.33	B05	sample	sample	592100	535510	428250	535510	518620	1.21	1.25	1.18	0.278	0.324	0.235	ADCY3	109
1	26	1.29	B02	sicon1	sicon1	344510	327870	324100	327870	332160	1.35	1.14	1.23	0.428	0.192	0.297	NA	NA
1	93	1.26	D21	sample	sample	318560	344070	292840	318560	318490	1.24	1.2	1.11	0.315	0.261	0.151	SLC29A3	55315
1	143	1.22	F23	allstar	allstar	305560	355810	306600	306600	322656.666666667	1.19	1.24	1.16	0.255	0.31	0.217	NA	NA
2	37	1.21	B13	sample	sample	581340	544800	423590	544800	516576.666666667	1.19	1.27	1.16	0.252	0.349	0.219	CTPS2	56474
1	260	1.2	K20	sample	sample	321890	313350	319380	319380	318206.666666667	1.26	1.09	1.21	0.33	0.126	0.276	SLC29A1	2030
2	33	1.18	B09	sample	sample	601380	506760	415580	506760	507906.666666667	1.23	1.18	1.14	0.3	0.244	0.192	ASNS	440
2	214	1.12	I22	sample	sample	547690	502610	441310	502610	497203.333333333	1.12	1.17	1.21	0.166	0.232	0.278	GDA	9615
1	55	1.12	C07	sample	sample	301110	373390	302070	302070	325523.333333333	1.18	1.3	1.15	0.234	0.379	0.195	GOT1	2805
1	239	1.1	J23	sicon2	sicon2	300370	322070	318660	318660	313700	1.17	1.12	1.21	0.23	0.166	0.273	NA	NA
1	80	1.1	D08	sample	sample	301390	336240	307070	307070	314900	1.18	1.17	1.16	0.235	0.228	0.219	PFKM	5213
2	47	1.1	B23	sicon1	sicon1	530680	520790	433430	520790	494966.666666667	1.09	1.22	1.19	0.12	0.283	0.252	NA	NA
2	23	1.1	A23	sicon1	sicon1	533150	539290	433290	533150	501910	1.09	1.26	1.19	0.127	0.334	0.252	NA	NA
2	31	1.09	B07	sample	sample	589570	500340	430880	500340	506930	1.21	1.17	1.18	0.272	0.226	0.244	AK2	204
1	56	1.09	C08	sample	sample	299760	336960	309130	309130	315283.333333333	1.17	1.17	1.17	0.227	0.231	0.229	GOT2	2806
1	106	1.07	E10	sample	sample	330220	328110	312920	328110	323750	1.29	1.14	1.19	0.367	0.193	0.246	UCK1	83549
1	94	1.04	D22	sample	sample	302510	333150	291440	302510	309033.333333333	1.18	1.16	1.1	0.24	0.215	0.144	SLC2A6	11182
1	248	1.03	K08	sample	sample	297360	342540	230560	297360	290153.333333333	1.16	1.19	0.874	0.215	0.255	-0.194	PFKM	5213
2	254	1.03	K14	sample	sample	566640	501890	421220	501890	496583.333333333	1.16	1.17	1.16	0.215	0.23	0.211	PYCR1	5831
2	70	0.99	C22	sample	sample	557380	524060	425840	524060	502426.666666667	1.14	1.22	1.17	0.191	0.293	0.227	PDE4D	5144
1	45	0.98	B21	sample	sample	275130	330540	357130	330540	320933.333333333	1.07	1.15	1.35	0.103	0.203	0.437	GCLM	2730
2	30	0.98	B06	sample	sample	568510	492200	398870	492200	486526.666666667	1.16	1.15	1.1	0.219	0.202	0.132	ADCY9	115
2	56	0.95	C08	sample	sample	571790	490030	418010	490030	493276.666666667	1.17	1.15	1.15	0.228	0.196	0.2	GOT2	2806
1	81	0.93	D09	sample	sample	316900	301970	305980	305980	308283.333333333	1.24	1.05	1.16	0.307	0.073	0.214	PFKP	5214
1	287	0.92	L23	sicon2	sicon2	275730	348240	305300	305300	309756.666666667	1.08	1.21	1.16	0.106	0.278	0.211	NA	NA
1	223	0.92	J07	sample	sample	256000	331060	305280	305280	297446.666666667	1	1.15	1.16	-0.001	0.205	0.211	GOT1	2805
1	167	0.88	G23	allstar	allstar	288690	386340	303270	303270	326100	1.13	1.35	1.15	0.173	0.428	0.201	NA	NA
1	82	0.85	D10	sample	sample	296770	297000	302270	297000	298680	1.16	1.03	1.15	0.213	0.049	0.196	PPAT	5471
2	143	0.85	F23	allstar	allstar	507280	491880	416440	491880	471866.666666667	1.04	1.15	1.14	0.055	0.201	0.195	NA	NA
1	91	0.82	D19	sample	sample	296710	323140	297380	297380	305743.333333333	1.16	1.13	1.13	0.212	0.171	0.173	SLC25A12	8604
1	119	0.82	E23	allstar	allstar	297120	322880	280750	297120	300250	1.16	1.12	1.06	0.214	0.169	0.09	NA	NA
2	26	0.81	B02	sicon1	sicon1	578020	466660	413870	466660	486183.333333333	1.18	1.09	1.14	0.243	0.125	0.186	NA	NA
2	32	0.81	B08	sample	sample	548740	485050	394270	485050	476020	1.12	1.13	1.08	0.168	0.181	0.116	AK7	122481
1	85	0.8	D13	sample	sample	287490	298440	320750	298440	302226.666666667	1.12	1.04	1.22	0.167	0.056	0.282	PSPH	5723
2	60	0.79	C12	sample	sample	548600	479260	365480	479260	464446.666666667	1.12	1.12	1	0.168	0.164	0.006	ITGB3BP	23421
2	191	0.78	H23	allstar	allstar	483280	478300	422060	478300	461213.333333333	0.99	1.12	1.16	-0.015	0.161	0.214	NA	NA
2	66	0.77	C18	sample	sample	527240	478380	411720	478380	472446.666666667	1.08	1.12	1.13	0.111	0.161	0.178	NT5C3A	51251
2	238	0.77	J22	sample	sample	546060	470040	433930	470040	483343.333333333	1.12	1.1	1.19	0.161	0.136	0.254	PDE4D	5144
1	43	0.77	B19	sample	sample	257410	335520	298160	298160	297030	1.01	1.17	1.13	0.007	0.225	0.177	GART	2618
1	263	0.77	K23	sicon2	sicon2	268430	337900	298020	298020	301450	1.05	1.18	1.13	0.068	0.235	0.176	NA	NA
2	62	0.76	C14	sample	sample	546380	477150	382910	477150	468813.333333333	1.12	1.12	1.05	0.162	0.157	0.073	NME4	4833
2	229	0.75	J13	sample	sample	544550	478960	381680	478960	468396.666666667	1.12	1.12	1.05	0.157	0.163	0.069	NME1	4830
1	89	0.74	D17	sample	sample	259030	336500	296670	296670	297400	1.01	1.17	1.12	0.016	0.229	0.169	SERINC3	10955
2	61	0.74	C13	sample	sample	543130	478640	381380	478640	467716.666666667	1.11	1.12	1.05	0.153	0.162	0.068	NME1	4830
2	69	0.73	C21	sample	sample	485590	481050	408910	481050	458516.666666667	0.994	1.12	1.12	-0.008	0.169	0.168	PDE4A	5141
2	28	0.73	B04	sample	sample	572090	471080	408590	471080	483920	1.17	1.1	1.12	0.228	0.139	0.167	ADA	100
2	86	0.72	D14	sample	sample	542420	474340	377790	474340	464850	1.11	1.11	1.04	0.152	0.149	0.054	PYCR1	5831
2	215	0.72	I23	sicon2	sicon2	454340	474340	414430	454340	447703.333333333	0.93	1.11	1.14	-0.104	0.149	0.188	NA	NA
2	64	0.71	C16	sample	sample	504420	485250	407300	485250	465656.666666667	1.03	1.13	1.12	0.047	0.182	0.163	NPR1	4881
2	93	0.7	D21	sample	sample	529920	520240	406940	520240	485700	1.09	1.22	1.12	0.118	0.282	0.161	SLC29A3	55315
2	287	0.69	L23	sicon2	sicon2	492610	472710	451390	472710	472236.666666667	1.01	1.1	1.24	0.013	0.144	0.311	NA	NA
2	76	0.69	D04	sample	sample	541620	472430	389850	472430	467966.666666667	1.11	1.1	1.07	0.149	0.143	0.099	PDE6B	5158
2	41	0.69	B17	sample	sample	511680	486150	406040	486150	467956.666666667	1.05	1.14	1.12	0.067	0.184	0.158	FHIT	2272
2	75	0.69	D03	sample	sample	539200	477110	376680	477110	464330	1.1	1.12	1.04	0.143	0.157	0.05	PDE6A	5145
1	197	0.68	I05	sample	sample	289230	309590	293890	293890	297570	1.13	1.08	1.11	0.175	0.109	0.156	ADCY3	109
1	75	0.67	D03	sample	sample	282310	350970	283800	283800	305693.333333333	1.1	1.22	1.08	0.141	0.29	0.105	PDE6A	5145
1	215	0.64	I23	sicon2	sicon2	262420	314770	314530	314530	297240	1.02	1.1	1.19	0.035	0.133	0.254	NA	NA
1	39	0.63	B15	sample	sample	217990	342240	291760	291760	283996.666666667	0.851	1.19	1.11	-0.233	0.253	0.145	ENTPD2	954
1	28	0.62	B04	sample	sample	279990	312060	339030	312060	310360	1.09	1.09	1.29	0.129	0.12	0.362	ADA	100
1	62	0.61	C14	sample	sample	330020	313280	278920	313280	307406.666666667	1.29	1.09	1.06	0.366	0.126	0.08	NME4	4833
2	261	0.6	K21	sample	sample	511220	466440	403150	466440	460270	1.05	1.09	1.11	0.066	0.124	0.148	SLC29A3	55315
2	224	0.58	J08	sample	sample	542280	464690	356390	464690	454453.333333333	1.11	1.09	0.979	0.151	0.119	-0.03	GOT2	2806
1	245	0.57	K05	sample	sample	285060	304420	289030	289030	292836.666666667	1.11	1.06	1.1	0.155	0.084	0.132	PDE6D	5147
1	213	0.57	I21	sample	sample	282410	311460	269060	282410	287643.333333333	1.1	1.08	1.02	0.141	0.117	0.029	GCLM	2730
1	76	0.56	D04	sample	sample	293400	311320	279280	293400	294666.666666667	1.15	1.08	1.06	0.196	0.117	0.082	PDE6B	5158
2	55	0.56	C07	sample	sample	529510	453660	400800	453660	461323.333333333	1.08	1.06	1.1	0.117	0.084	0.139	GOT1	2805
1	52	0.56	C04	sample	sample	289310	289070	288190	289070	288856.666666667	1.13	1.01	1.09	0.176	0.01	0.128	GLUD2	2747
2	106	0.55	E10	sample	sample	521970	480170	397140	480170	466426.666666667	1.07	1.12	1.09	0.096	0.166	0.126	UCK1	83549
2	98	0.54	E02	allstar	allstar	536150	407400	396800	407400	446783.333333333	1.1	0.952	1.09	0.135	-0.071	0.125	NA	NA
2	237	0.54	J21	sample	sample	503200	462180	400980	462180	455453.333333333	1.03	1.08	1.1	0.043	0.111	0.14	PDE4A	5141
1	61	0.51	C13	sample	sample	318340	309050	275310	309050	300900	1.24	1.08	1.04	0.314	0.106	0.062	NME1	4830
2	239	0.51	J23	sicon2	sicon2	492690	460530	424530	460530	459250	1.01	1.08	1.17	0.013	0.106	0.222	NA	NA
2	95	0.51	D23	sicon1	sicon1	525870	448580	410440	448580	461630	1.08	1.05	1.13	0.107	0.068	0.174	NA	NA
1	104	0.5	E08	sample	sample	269380	310240	285540	285540	288386.666666667	1.05	1.08	1.08	0.073	0.112	0.114	TXNRD1	7296
2	44	0.5	B20	sample	sample	491600	475580	393830	475580	453670	1.01	1.11	1.08	0.01	0.152	0.114	GCLC	2729
1	41	0.49	B17	sample	sample	267970	311000	285400	285400	288123.333333333	1.05	1.08	1.08	0.065	0.115	0.114	FHIT	2272
2	54	0.49	C06	sample	sample	557610	459030	384110	459030	466916.666666667	1.14	1.07	1.06	0.191	0.101	0.078	GMPS	8833
2	122	0.48	F02	allstar	allstar	492360	480000	392720	480000	455026.666666667	1.01	1.12	1.08	0.012	0.166	0.11	NA	NA
2	74	0.48	D02	sicon1	sicon1	508320	458140	415280	458140	460580	1.04	1.07	1.14	0.058	0.099	0.191	NA	NA
2	119	0.47	E23	allstar	allstar	475660	458400	392380	458400	442146.666666667	0.974	1.07	1.08	-0.038	0.099	0.109	NA	NA
1	262	0.47	K22	sample	sample	270180	307190	302150	302150	293173.333333333	1.05	1.07	1.15	0.077	0.098	0.196	SLC2A6	11182
1	58	0.47	C10	sample	sample	299180	307090	271900	299180	292723.333333333	1.17	1.07	1.03	0.224	0.097	0.044	HPRT1	3251
1	219	0.46	J03	sample	sample	284520	306850	266670	284520	286013.333333333	1.11	1.07	1.01	0.152	0.096	0.016	GLUD1	2746
2	80	0.46	D08	sample	sample	547850	456960	361850	456960	455553.333333333	1.12	1.07	0.994	0.166	0.095	-0.008	PFKM	5213
2	260	0.45	K20	sample	sample	521010	470280	383990	470280	458426.666666667	1.07	1.1	1.06	0.093	0.136	0.077	SLC29A1	2030
1	27	0.45	B03	sample	sample	266470	306060	289970	289970	287500	1.04	1.07	1.1	0.057	0.092	0.137	ACACA	31
2	209	0.42	I17	sample	sample	532530	453840	388810	453840	458393.333333333	1.09	1.06	1.07	0.125	0.085	0.095	FHIT	2272
1	266	0.42	L02	sicon2	sicon2	285740	254520	281830	281830	274030	1.12	0.886	1.07	0.158	-0.174	0.095	NA	NA
1	83	0.41	D11	sample	sample	304880	304680	265510	304680	291690	1.19	1.06	1.01	0.251	0.086	0.009	PQLC2	54896
1	65	0.41	C17	sample	sample	266250	329220	281670	281670	292380	1.04	1.15	1.07	0.056	0.197	0.095	NT5C2	22978
1	74	0.39	D02	sicon1	sicon1	305720	299120	280830	299120	295223.333333333	1.19	1.04	1.06	0.255	0.059	0.09	NA	NA
2	71	0.38	C23	sicon1	sicon1	492610	473210	386900	473210	450906.666666667	1.01	1.11	1.06	0.013	0.145	0.088	NA	NA
1	170	0.38	H02	allstar	allstar	286320	259170	280050	280050	275180	1.12	0.903	1.06	0.161	-0.148	0.086	NA	NA
2	45	0.37	B21	sample	sample	496480	474180	385740	474180	452133.333333333	1.02	1.11	1.06	0.024	0.148	0.084	GCLM	2730
2	50	0.35	C02	sicon1	sicon1	535730	449920	380940	449920	455530	1.1	1.05	1.05	0.134	0.072	0.066	NA	NA
1	196	0.34	I04	sample	sample	304760	286930	278460	286930	290050	1.19	0.999	1.06	0.251	-0.001	0.078	ADA	100
2	198	0.34	I06	sample	sample	512870	434880	386360	434880	444703.333333333	1.05	1.02	1.06	0.071	0.023	0.086	ADCY9	115
1	218	0.34	J02	sicon2	sicon2	268980	282430	291060	282430	280823.333333333	1.05	0.984	1.1	0.071	-0.024	0.142	NA	NA
2	197	0.33	I05	sample	sample	535770	448800	383110	448800	455893.333333333	1.1	1.05	1.05	0.134	0.069	0.074	ADCY3	109
2	52	0.33	C04	sample	sample	515400	438050	383610	438050	445686.666666667	1.06	1.02	1.05	0.078	0.034	0.076	GLUD2	2747
2	43	0.33	B19	sample	sample	500520	448620	394030	448620	447723.333333333	1.02	1.05	1.08	0.036	0.068	0.115	GART	2618
2	170	0.31	H02	allstar	allstar	510580	459190	371760	459190	447176.666666667	1.05	1.07	1.02	0.064	0.102	0.031	NA	NA
1	212	0.31	I20	sample	sample	267770	291280	293320	291280	284123.333333333	1.05	1.01	1.11	0.064	0.021	0.153	GCLC	2729
1	32	0.3	B08	sample	sample	267570	295610	323520	295610	295566.666666667	1.04	1.03	1.23	0.063	0.042	0.294	AK7	122481
1	59	0.3	C11	sample	sample	304540	299800	259390	299800	287910	1.19	1.04	0.983	0.25	0.062	-0.024	IMPDH1	3614
2	246	0.3	K06	sample	sample	510070	435000	384130	435000	443066.666666667	1.04	1.02	1.06	0.063	0.024	0.078	PDE8A	5151
1	50	0.3	C02	sicon1	sicon1	301770	299660	264340	299660	288590	1.18	1.04	1	0.237	0.062	0.003	NA	NA
2	269	0.29	L05	sample	sample	521090	428950	381420	428950	443820	1.07	1	1.05	0.094	0.004	0.068	SLC38A7	55238
1	194	0.28	I02	sicon2	sicon2	274990	253300	275900	274990	268063.333333333	1.07	0.882	1.05	0.103	-0.181	0.065	NA	NA
2	58	0.28	C10	sample	sample	508380	468190	379050	468190	451873.333333333	1.04	1.09	1.04	0.058	0.13	0.059	HPRT1	3251
2	223	0.28	J07	sample	sample	545120	417400	380380	417400	447633.333333333	1.12	0.976	1.05	0.159	-0.036	0.064	GOT1	2805
2	89	0.27	D17	sample	sample	533150	442470	380160	442470	451926.666666667	1.09	1.03	1.04	0.127	0.048	0.063	SERINC3	10955
2	201	0.27	I09	sample	sample	496280	450830	380100	450830	442403.333333333	1.02	1.05	1.04	0.023	0.075	0.063	ASNS	440
2	27	0.27	B03	sample	sample	507580	451110	341180	451110	433290	1.04	1.05	0.938	0.056	0.076	-0.093	ACACA	31
2	257	0.26	K17	sample	sample	491780	454970	379430	454970	442060	1.01	1.06	1.04	0.01	0.089	0.06	SERINC3	10955
2	248	0.26	K08	sample	sample	486600	444240	403410	444240	444750	0.996	1.04	1.11	-0.005	0.054	0.149	PFKM	5213
2	196	0.24	I04	sample	sample	505770	405500	381580	405500	430950	1.04	0.948	1.05	0.051	-0.078	0.068	ADA	100
1	51	0.24	C03	sample	sample	270280	297260	264970	270280	277503.333333333	1.06	1.04	1	0.078	0.05	0.006	GLUD1	2746
2	200	0.24	I08	sample	sample	535910	442850	369740	442850	449500	1.1	1.03	1.02	0.134	0.05	0.023	AK7	122481
2	274	0.24	L10	sample	sample	505250	423290	404010	423290	444183.333333333	1.03	0.989	1.11	0.049	-0.016	0.151	UCK1	83549
1	244	0.23	K04	sample	sample	268660	288010	273670	273670	276780	1.05	1	1.04	0.069	0.005	0.053	PDE6B	5158
2	34	0.23	B10	sample	sample	520140	442070	359800	442070	440670	1.07	1.03	0.989	0.091	0.047	-0.016	ASS1	445
1	31	0.23	B07	sample	sample	253360	296570	280790	280790	276906.666666667	0.989	1.03	1.06	-0.016	0.047	0.09	AK2	204
2	77	0.21	D05	sample	sample	517110	441110	324380	441110	427533.333333333	1.06	1.03	0.891	0.083	0.044	-0.166	PDE6D	5147
2	205	0.21	I13	sample	sample	539750	429880	376400	429880	448676.666666667	1.11	1	1.03	0.144	0.007	0.049	CTPS2	56474
2	212	0.19	I20	sample	sample	476370	439760	380080	439760	432070	0.976	1.03	1.04	-0.036	0.04	0.063	GCLC	2729
2	81	0.18	D09	sample	sample	492200	465340	374560	465340	444033.333333333	1.01	1.09	1.03	0.011	0.121	0.042	PFKP	5214
1	92	0.18	D20	sample	sample	244490	301010	271440	271440	272313.333333333	0.955	1.05	1.03	-0.067	0.068	0.041	SLC29A1	2030
1	261	0.17	K21	sample	sample	212900	294270	291620	291620	266263.333333333	0.831	1.02	1.11	-0.267	0.036	0.145	SLC29A3	55315
2	101	0.14	E05	sample	sample	499960	436690	325480	436690	420710	1.02	1.02	0.894	0.034	0.029	-0.161	SLC38A7	55238
2	208	0.12	I16	sample	sample	470220	445930	370900	445930	429016.666666667	0.963	1.04	1.02	-0.054	0.06	0.027	FASN	2194
2	91	0.11	D19	sample	sample	485070	457460	370620	457460	437716.666666667	0.993	1.07	1.02	-0.01	0.096	0.026	SLC25A12	8604
1	235	0.11	J19	sample	sample	239120	303820	268520	268520	270486.666666667	0.934	1.06	1.02	-0.099	0.082	0.026	PAICS	10606
1	268	0.11	L04	sample	sample	266070	240520	268470	266070	258353.333333333	1.04	0.838	1.02	0.055	-0.255	0.025	SLC36A4	120103
2	59	0.1	C11	sample	sample	516510	434060	331160	434060	427243.333333333	1.06	1.01	0.91	0.081	0.021	-0.136	IMPDH1	3614
2	242	0.1	K02	sicon2	sicon2	477570	433830	390860	433830	434086.666666667	0.978	1.01	1.07	-0.032	0.02	0.103	NA	NA
2	146	0.1	G02	allstar	allstar	481370	433810	384750	433810	433310	0.986	1.01	1.06	-0.021	0.02	0.08	NA	NA
2	258	0.09	K18	sample	sample	494740	433230	388110	433230	438693.333333333	1.01	1.01	1.07	0.019	0.018	0.093	SLC1A5	6510
2	244	0.09	K04	sample	sample	518360	425540	369050	425540	437650	1.06	0.995	1.01	0.086	-0.008	0.02	PDE6B	5158
2	222	0.09	J06	sample	sample	486800	433270	373650	433270	431240	0.997	1.01	1.03	-0.004	0.018	0.038	GMPS	8833
1	271	0.07	L07	sample	sample	277500	289930	222900	277500	263443.333333333	1.08	1.01	0.845	0.116	0.014	-0.243	SLC7A5	8140
2	167	0.07	G23	allstar	allstar	493030	424840	430380	430380	449416.666666667	1.01	0.993	1.18	0.014	-0.01	0.242	NA	NA
1	101	0.04	E05	sample	sample	273590	267610	265430	267610	268876.666666667	1.07	0.932	1.01	0.095	-0.101	0.009	SLC38A7	55238
2	273	0.02	L09	sample	sample	532190	423510	365160	423510	440286.666666667	1.09	0.99	1	0.124	-0.015	0.005	UAP1L1	91373
2	78	0.02	D06	sample	sample	498430	429150	342140	429150	423240	1.02	1	0.94	0.03	0.004	-0.089	PDE8A	5151
2	219	0.02	J03	sample	sample	489670	455550	359640	455550	434953.333333333	1	1.06	0.988	0.004	0.09	-0.017	GLUD1	2746
1	105	0.02	E09	sample	sample	256780	288230	241610	256780	262206.666666667	1	1	0.916	0.004	0.006	-0.127	UAP1L1	91373
2	105	0.01	E09	sample	sample	471830	428750	366810	428750	422463.333333333	0.966	1	1.01	-0.05	0.003	0.011	UAP1L1	91373
2	40	0.01	B16	sample	sample	488670	376880	371910	376880	412486.666666667	1	0.881	1.02	0.001	-0.183	0.031	FASN	2194
1	30	0	B06	sample	sample	246820	287290	285400	285400	273170	0.964	1	1.08	-0.053	0.001	0.114	ADCY9	115
2	92	0	D20	sample	sample	456430	428210	364100	428210	416246.666666667	0.935	1	1	-0.097	0.001	0.001	SLC29A1	2030
2	199	0	I07	sample	sample	472590	428010	365900	428010	422166.666666667	0.968	1	1.01	-0.047	0	0.008	AK2	204
2	232	0	J16	sample	sample	502570	425120	363920	425120	430536.666666667	1.03	0.994	1	0.042	-0.009	0	NPR1	4881
2	268	0	L04	sample	sample	497170	417630	363900	417630	426233.333333333	1.02	0.976	1	0.026	-0.035	0	SLC36A4	120103
1	87	-0.01	D15	sample	sample	277900	281390	263460	277900	274250	1.09	0.98	0.999	0.118	-0.029	-0.002	SERINC1	57515
2	250	-0.01	K10	sample	sample	493890	413890	363430	413890	423736.666666667	1.01	0.967	0.999	0.016	-0.048	-0.002	PPAT	5471
1	84	-0.02	D12	sample	sample	255440	282530	264890	264890	267620	0.997	0.984	1	-0.004	-0.023	0.006	PRPS1	5631
1	100	-0.02	E04	sample	sample	256220	286100	232100	256220	258140	1	0.996	0.88	0.001	-0.005	-0.185	SLC36A4	120103
2	83	-0.03	D11	sample	sample	495960	426300	351810	426300	424690	1.02	0.996	0.967	0.022	-0.005	-0.049	PQLC2	54896
2	255	-0.04	K15	sample	sample	485430	387640	365160	387640	412743.333333333	0.994	0.906	1	-0.009	-0.142	0.005	SERINC1	57515
1	200	-0.05	I08	sample	sample	252830	294150	261660	261660	269546.666666667	0.987	1.02	0.992	-0.019	0.035	-0.012	AK7	122481
1	234	-0.07	J18	sample	sample	253460	319200	234590	253460	269083.333333333	0.99	1.11	0.889	-0.015	0.153	-0.169	NT5C3A	51251
1	198	-0.08	I06	sample	sample	233670	284020	265970	265970	261220	0.912	0.989	1.01	-0.132	-0.016	0.012	ADCY9	115
2	259	-0.09	K19	sample	sample	479060	422350	364320	422350	421910	0.981	0.987	1	-0.028	-0.019	0.002	SLC25A12	8604
1	98	-0.1	E02	allstar	allstar	213760	287010	259650	259650	253473.333333333	0.835	1	0.984	-0.261	-0.001	-0.023	NA	NA
2	218	-0.12	J02	sicon2	sicon2	440860	420760	374370	420760	411996.666666667	0.903	0.983	1.03	-0.147	-0.024	0.041	NA	NA
2	235	-0.12	J19	sample	sample	479940	434300	348460	434300	420900	0.983	1.02	0.958	-0.025	0.021	-0.063	PAICS	10606
2	82	-0.12	D10	sample	sample	471970	437290	356910	437290	422056.666666667	0.967	1.02	0.981	-0.049	0.031	-0.028	PPAT	5471
2	90	-0.12	D18	sample	sample	479720	429580	329860	429580	413053.333333333	0.982	1	0.906	-0.026	0.006	-0.142	SLC1A5	6510
1	228	-0.14	J12	sample	sample	251090	260450	264120	260450	258553.333333333	0.98	0.907	1	-0.029	-0.141	0.002	ITGB3BP	23421
1	53	-0.14	C05	sample	sample	251010	253840	269180	253840	258010	0.98	0.884	1.02	-0.029	-0.178	0.029	GLUL	2752
1	242	-0.15	K02	sicon2	sicon2	264850	257750	257430	257750	260010	1.03	0.898	0.976	0.048	-0.156	-0.035	NA	NA
2	234	-0.16	J18	sample	sample	477170	395420	371620	395420	414736.666666667	0.977	0.924	1.02	-0.033	-0.114	0.03	NT5C3A	51251
2	252	-0.16	K12	sample	sample	481970	401440	354720	401440	412710	0.987	0.938	0.975	-0.019	-0.092	-0.037	PRPS1	5631
2	245	-0.16	K05	sample	sample	508670	417970	353600	417970	426746.666666667	1.04	0.977	0.972	0.059	-0.034	-0.041	PDE6D	5147
1	122	-0.16	F02	allstar	allstar	293510	272430	257000	272430	274313.333333333	1.15	0.949	0.974	0.197	-0.076	-0.038	NA	NA
2	226	-0.17	J10	sample	sample	499460	383410	354300	383410	412390	1.02	0.896	0.974	0.033	-0.158	-0.039	HPRT1	3251
2	87	-0.17	D15	sample	sample	476410	408310	368670	408310	417796.666666667	0.976	0.954	1.01	-0.036	-0.068	0.019	SERINC1	57515
2	65	-0.18	C17	sample	sample	476090	419850	351050	419850	415663.333333333	0.975	0.981	0.965	-0.037	-0.027	-0.052	NT5C2	22978
1	269	-0.18	L05	sample	sample	288410	236250	256420	256420	260360	1.13	0.823	0.972	0.171	-0.281	-0.041	SLC38A7	55238
2	230	-0.18	J14	sample	sample	487960	417080	340690	417080	415243.333333333	0.999	0.975	0.936	-0.001	-0.037	-0.095	NME4	4833
2	228	-0.19	J12	sample	sample	477750	376300	353180	376300	402410	0.978	0.879	0.971	-0.032	-0.185	-0.043	ITGB3BP	23421
2	263	-0.2	K23	sicon2	sicon2	473830	415900	416480	416480	435403.333333333	0.97	0.972	1.14	-0.043	-0.041	0.195	NA	NA
2	67	-0.21	C19	sample	sample	469940	415180	382590	415180	422570	0.962	0.97	1.05	-0.055	-0.043	0.072	PAICS	10606
2	213	-0.22	I21	sample	sample	447880	419270	351290	419270	406146.666666667	0.917	0.98	0.965	-0.125	-0.029	-0.051	GCLM	2730
1	250	-0.22	K10	sample	sample	251770	278120	236090	251770	255326.666666667	0.983	0.969	0.895	-0.025	-0.046	-0.16	PPAT	5471
2	51	-0.23	C03	sample	sample	531380	413990	326210	413990	423860	1.09	0.968	0.896	0.122	-0.048	-0.158	GLUD1	2746
1	220	-0.26	J04	sample	sample	246640	244150	261740	246640	250843.333333333	0.963	0.85	0.992	-0.054	-0.234	-0.011	GLUD2	2747
2	233	-0.26	J17	sample	sample	468190	412020	351550	412020	410586.666666667	0.959	0.963	0.966	-0.061	-0.054	-0.05	NT5C2	22978
2	63	-0.27	C15	sample	sample	461200	444980	348340	444980	418173.333333333	0.944	1.04	0.957	-0.082	0.057	-0.063	NNMT	4837
1	208	-0.29	I16	sample	sample	245740	293160	203900	245740	247600	0.96	1.02	0.773	-0.06	0.03	-0.372	FASN	2194
2	39	-0.31	B15	sample	sample	472590	409370	327170	409370	403043.333333333	0.968	0.957	0.899	-0.047	-0.064	-0.154	ENTPD2	954
1	146	-0.33	G02	allstar	allstar	261420	273930	221440	261420	252263.333333333	1.02	0.954	0.839	0.03	-0.068	-0.252	NA	NA
2	202	-0.35	I10	sample	sample	468970	407180	342580	407180	406243.333333333	0.96	0.952	0.941	-0.058	-0.072	-0.087	ASS1	445
2	262	-0.35	K22	sample	sample	428050	407080	389990	407080	408373.333333333	0.877	0.951	1.07	-0.19	-0.072	0.1	SLC2A6	11182
1	40	-0.36	B16	sample	sample	226210	272830	303210	272830	267416.666666667	0.883	0.95	1.15	-0.179	-0.074	0.201	FASN	2194
1	68	-0.36	C20	sample	sample	234270	272750	248960	248960	251993.333333333	0.915	0.95	0.944	-0.129	-0.074	-0.083	PDE3B	5140
1	259	-0.37	K19	sample	sample	242910	316430	242530	242910	267290	0.948	1.1	0.919	-0.076	0.14	-0.121	SLC25A12	8604
1	253	-0.37	K13	sample	sample	304560	247880	248560	248560	267000	1.19	0.863	0.942	0.25	-0.212	-0.086	PSPH	5723
1	44	-0.39	B20	sample	sample	223040	271360	288430	271360	260943.333333333	0.871	0.945	1.09	-0.199	-0.081	0.129	GCLC	2729
2	36	-0.41	B12	sample	sample	460490	400090	358580	400090	406386.666666667	0.943	0.935	0.985	-0.085	-0.097	-0.021	CTPS1	1503
2	194	-0.41	I02	sicon2	sicon2	431600	403430	368210	403430	401080	0.884	0.943	1.01	-0.178	-0.085	0.017	NA	NA
2	243	-0.44	K03	sample	sample	456130	401540	351810	401540	403160	0.934	0.938	0.967	-0.098	-0.092	-0.049	PDE6A	5145
2	100	-0.45	E04	sample	sample	461920	392340	338810	392340	397690	0.946	0.917	0.931	-0.08	-0.125	-0.103	SLC36A4	120103
2	221	-0.45	J05	sample	sample	456640	414010	338650	414010	403100	0.935	0.968	0.931	-0.097	-0.048	-0.104	GLUL	2752
1	211	-0.46	I19	sample	sample	255540	268940	205990	255540	243490	0.998	0.937	0.781	-0.003	-0.094	-0.357	GART	2618
2	94	-0.47	D22	sample	sample	412240	406620	337660	406620	385506.666666667	0.844	0.95	0.928	-0.244	-0.074	-0.108	SLC2A6	11182
2	231	-0.48	J15	sample	sample	455450	382240	342520	382240	393403.333333333	0.933	0.893	0.941	-0.101	-0.163	-0.087	NNMT	4837
2	104	-0.48	E08	sample	sample	455290	401120	336400	401120	397603.333333333	0.932	0.937	0.924	-0.101	-0.093	-0.113	TXNRD1	7296
1	221	-0.52	J05	sample	sample	237460	291740	230820	237460	253340	0.927	1.02	0.875	-0.109	0.023	-0.193	GLUL	2752
2	53	-0.54	C05	sample	sample	451730	421500	331560	421500	401596.666666667	0.925	0.985	0.911	-0.112	-0.022	-0.134	GLUL	2752
2	57	-0.55	C09	sample	sample	433970	395640	334750	395640	388120	0.889	0.925	0.92	-0.17	-0.113	-0.12	GUCY2D	3000
2	220	-0.56	J04	sample	sample	450590	416580	324220	416580	397130	0.923	0.974	0.891	-0.116	-0.039	-0.167	GLUD2	2747
1	78	-0.57	D06	sample	sample	241590	264750	198590	241590	234976.666666667	0.943	0.922	0.753	-0.084	-0.117	-0.41	PDE8A	5151
1	272	-0.57	L08	sample	sample	279160	264720	233830	264720	259236.666666667	1.09	0.922	0.886	0.124	-0.117	-0.174	TXNRD1	7296
2	84	-0.58	D12	sample	sample	466520	393470	328510	393470	396166.666666667	0.955	0.92	0.903	-0.066	-0.121	-0.148	PRPS1	5631
1	103	-0.59	E07	sample	sample	235270	264680	224590	235270	241513.333333333	0.919	0.922	0.851	-0.122	-0.117	-0.232	SLC7A5	8140
1	273	-0.59	L09	sample	sample	259590	263940	234630	259590	252720	1.01	0.919	0.889	0.019	-0.121	-0.169	UAP1L1	91373
1	90	-0.59	D18	sample	sample	239740	263900	234930	239740	246190	0.936	0.919	0.891	-0.095	-0.122	-0.167	SLC1A5	6510
2	227	-0.59	J11	sample	sample	470420	372330	331260	372330	391336.666666667	0.963	0.87	0.91	-0.054	-0.201	-0.136	IMPDH1	3614
2	249	-0.61	K09	sample	sample	421760	392320	336640	392320	383573.333333333	0.864	0.917	0.925	-0.211	-0.125	-0.112	PFKP	5214
1	205	-0.61	I13	sample	sample	249230	262900	216670	249230	242933.333333333	0.973	0.916	0.821	-0.039	-0.127	-0.284	CTPS2	56474
2	103	-0.63	E07	sample	sample	420000	391040	331820	391040	380953.333333333	0.86	0.914	0.912	-0.217	-0.13	-0.133	SLC7A5	8140
1	233	-0.64	J17	sample	sample	202980	261940	250010	250010	238310	0.793	0.912	0.948	-0.335	-0.132	-0.077	NT5C2	22978
2	79	-0.65	D07	sample	sample	468410	389570	324740	389570	394240	0.959	0.91	0.892	-0.06	-0.135	-0.164	PDE9A	5152
2	251	-0.67	K11	sample	sample	473900	364900	327030	364900	388610	0.97	0.853	0.899	-0.043	-0.23	-0.154	PQLC2	54896
1	79	-0.68	D07	sample	sample	232240	259270	239400	239400	243636.666666667	0.907	0.903	0.908	-0.141	-0.147	-0.14	PDE9A	5152
1	222	-0.69	J06	sample	sample	262820	259950	235010	259950	252593.333333333	1.03	0.905	0.891	0.037	-0.143	-0.167	GMPS	8833
2	206	-0.7	I14	sample	sample	483620	346430	325720	346430	385256.666666667	0.99	0.81	0.895	-0.014	-0.305	-0.16	ENTPD1	953
2	266	-0.7	L02	sicon2	sicon2	440990	386280	390600	390600	405956.666666667	0.903	0.903	1.07	-0.147	-0.148	0.102	NA	NA
2	271	-0.72	L07	sample	sample	443300	385740	324020	385740	384353.333333333	0.908	0.902	0.89	-0.14	-0.15	-0.167	SLC7A5	8140
2	211	-0.73	I19	sample	sample	433430	427750	324000	427750	395060	0.888	1	0.89	-0.172	0	-0.168	GART	2618
1	246	-0.74	K06	sample	sample	216270	305440	234270	234270	251993.333333333	0.844	1.06	0.888	-0.244	0.089	-0.171	PDE8A	5151
1	229	-0.76	J13	sample	sample	229400	272770	230900	230900	244356.666666667	0.896	0.95	0.875	-0.159	-0.074	-0.192	NME1	4830
2	38	-0.81	B14	sample	sample	434440	379130	348360	379130	387310	0.89	0.886	0.957	-0.169	-0.175	-0.063	ENTPD1	953
2	253	-0.81	K13	sample	sample	437830	362750	319950	362750	373510	0.897	0.848	0.879	-0.157	-0.238	-0.186	PSPH	5723
1	224	-0.84	J08	sample	sample	234690	236530	230740	234690	233986.666666667	0.916	0.824	0.875	-0.126	-0.28	-0.193	GOT2	2806
1	201	-0.86	I09	sample	sample	220420	253920	234370	234370	236236.666666667	0.861	0.884	0.888	-0.217	-0.177	-0.171	ASNS	440
1	57	-0.86	C09	sample	sample	224550	270260	230120	230120	241643.333333333	0.877	0.941	0.872	-0.19	-0.087	-0.197	GUCY2D	3000
1	252	-0.87	K12	sample	sample	264060	253420	207930	253420	241803.333333333	1.03	0.883	0.788	0.044	-0.18	-0.343	PRPS1	5631
2	42	-0.91	B18	sample	sample	428110	349810	315990	349810	364636.666666667	0.877	0.818	0.868	-0.19	-0.291	-0.204	GAD1	2571
2	85	-0.91	D13	sample	sample	439460	370700	314730	370700	374963.333333333	0.9	0.866	0.865	-0.152	-0.207	-0.209	PSPH	5723
2	204	-0.98	I12	sample	sample	439820	311420	311200	311420	354146.666666667	0.901	0.728	0.855	-0.151	-0.458	-0.226	CTPS1	1503
1	255	-1	K15	sample	sample	253960	222160	225110	225110	233743.333333333	0.992	0.774	0.853	-0.012	-0.37	-0.229	SERINC1	57515
1	274	-1.02	L10	sample	sample	214340	248100	231740	231740	231393.333333333	0.837	0.864	0.879	-0.257	-0.211	-0.187	UCK1	83549
1	209	-1.03	I17	sample	sample	220500	285000	208310	220500	237936.666666667	0.861	0.993	0.79	-0.216	-0.011	-0.341	FHIT	2272
2	272	-1.04	L08	sample	sample	405780	368650	350610	368650	375013.333333333	0.831	0.862	0.963	-0.267	-0.215	-0.054	TXNRD1	7296
1	63	-1.08	C15	sample	sample	219030	250970	210980	219030	226993.333333333	0.855	0.874	0.8	-0.226	-0.194	-0.322	NNMT	4837
1	232	-1.12	J16	sample	sample	201140	244590	225970	225970	223900	0.785	0.852	0.857	-0.349	-0.231	-0.223	NPR1	4881
1	195	-1.2	I03	sample	sample	224450	224190	217930	224190	222190	0.876	0.781	0.826	-0.19	-0.357	-0.276	ACACA	31
1	249	-1.21	K09	sample	sample	261140	203900	217530	217530	227523.333333333	1.02	0.71	0.825	0.028	-0.494	-0.278	PFKP	5214
1	227	-1.22	J11	sample	sample	233330	227490	217290	227490	226036.666666667	0.911	0.792	0.824	-0.134	-0.336	-0.28	IMPDH1	3614
1	243	-1.22	K03	sample	sample	244790	220680	217270	220680	227580	0.956	0.769	0.824	-0.065	-0.38	-0.28	PDE6A	5145
2	225	-1.24	J09	sample	sample	456170	357970	294210	357970	369450	0.934	0.837	0.808	-0.098	-0.257	-0.307	GUCY2D	3000
1	258	-1.27	K18	sample	sample	208270	272810	215630	215630	232236.666666667	0.813	0.95	0.817	-0.298	-0.074	-0.291	SLC1A5	6510
1	34	-1.36	B10	sample	sample	204560	236390	276220	236390	239056.666666667	0.799	0.823	1.05	-0.324	-0.28	0.066	ASS1	445
1	207	-1.37	I15	sample	sample	234450	235970	209310	234450	226576.666666667	0.915	0.822	0.793	-0.127	-0.283	-0.334	ENTPD2	954
2	207	-1.38	I15	sample	sample	400170	347740	292120	347740	346676.666666667	0.819	0.813	0.803	-0.287	-0.299	-0.317	ENTPD2	954
1	36	-1.4	B12	sample	sample	177510	234730	213220	213220	208486.666666667	0.693	0.818	0.808	-0.529	-0.291	-0.307	CTPS1	1503
2	195	-1.42	I03	sample	sample	398650	349260	284920	349260	344276.666666667	0.816	0.816	0.783	-0.293	-0.293	-0.353	ACACA	31
1	42	-1.42	B18	sample	sample	157380	234310	219110	219110	203600	0.615	0.816	0.831	-0.703	-0.293	-0.268	GAD1	2571
2	210	-1.43	I18	sample	sample	386820	348680	304380	348680	346626.666666667	0.792	0.815	0.836	-0.336	-0.295	-0.258	GAD1	2571
1	202	-1.52	I10	sample	sample	211520	230920	198810	211520	213750	0.826	0.804	0.754	-0.276	-0.314	-0.408	ASS1	445
1	88	-1.57	D16	sample	sample	204040	199510	224150	204040	209233.333333333	0.797	0.695	0.85	-0.328	-0.525	-0.235	SERINC2	347735
1	257	-1.59	K17	sample	sample	201300	228640	234490	228640	221476.666666667	0.786	0.796	0.889	-0.347	-0.329	-0.17	SERINC3	10955
1	236	-1.63	J20	sample	sample	199110	229100	203300	203300	210503.333333333	0.777	0.798	0.771	-0.363	-0.326	-0.376	PDE3B	5140
2	102	-1.7	E06	sample	sample	371040	365600	277600	365600	338080	0.76	0.854	0.763	-0.396	-0.227	-0.391	SLC7A2	6542
2	247	-1.71	K07	sample	sample	381260	322450	315330	322450	339680	0.781	0.754	0.867	-0.357	-0.408	-0.207	PDE9A	5152
1	226	-1.78	J10	sample	sample	198110	230500	176810	198110	201806.666666667	0.774	0.803	0.67	-0.37	-0.317	-0.577	HPRT1	3251
1	225	-1.78	J09	sample	sample	258010	206190	198730	206190	220976.666666667	1.01	0.718	0.753	0.011	-0.478	-0.409	GUCY2D	3000
1	199	-1.83	I07	sample	sample	225690	213440	197190	213440	212106.666666667	0.881	0.743	0.748	-0.182	-0.428	-0.42	AK2	204
1	38	-1.9	B14	sample	sample	173390	218610	202620	202620	198206.666666667	0.677	0.761	0.768	-0.563	-0.393	-0.381	ENTPD1	953
1	256	-1.92	K16	sample	sample	193960	201340	195450	195450	196916.666666667	0.757	0.701	0.741	-0.401	-0.512	-0.433	SERINC2	347735
2	270	-1.96	L06	sample	sample	364380	322840	285500	322840	324240	0.746	0.755	0.785	-0.422	-0.406	-0.35	SLC7A2	6542
2	35	-2	B11	sample	sample	389770	317180	264560	317180	323836.666666667	0.798	0.741	0.727	-0.325	-0.432	-0.46	CAD	790
2	256	-2.02	K16	sample	sample	349850	320310	268110	320310	312756.666666667	0.716	0.749	0.737	-0.481	-0.418	-0.441	SERINC2	347735
1	247	-2.03	K07	sample	sample	223890	214590	145020	214590	194500	0.874	0.747	0.55	-0.194	-0.42	-0.863	PDE9A	5152
2	68	-2.04	C20	sample	sample	342720	319710	262840	319710	308423.333333333	0.702	0.747	0.722	-0.511	-0.42	-0.469	PDE3B	5140
1	210	-2.33	I18	sample	sample	168980	205670	189650	189650	188100	0.66	0.716	0.719	-0.6	-0.481	-0.476	GAD1	2571
2	88	-2.35	D16	sample	sample	334090	305600	255020	305600	298236.666666667	0.684	0.714	0.701	-0.548	-0.486	-0.513	SERINC2	347735
1	102	-2.37	E06	sample	sample	190900	182420	180720	182420	184680	0.745	0.635	0.685	-0.424	-0.654	-0.546	SLC7A2	6542
1	230	-2.54	J14	sample	sample	171380	199410	188450	188450	186413.333333333	0.669	0.695	0.714	-0.58	-0.526	-0.485	NME4	4833
1	251	-2.55	K11	sample	sample	216230	189980	175750	189980	193986.666666667	0.844	0.662	0.666	-0.244	-0.596	-0.586	PQLC2	54896
2	236	-2.97	J20	sample	sample	291240	279690	273610	279690	281513.333333333	0.596	0.654	0.752	-0.746	-0.613	-0.411	PDE3B	5140
1	231	-3.01	J15	sample	sample	173180	157880	163350	163350	164803.333333333	0.676	0.55	0.619	-0.564	-0.863	-0.691	NNMT	4837
1	206	-3.49	I14	sample	sample	208630	174010	143380	174010	175340	0.815	0.606	0.544	-0.296	-0.722	-0.88	ENTPD1	953
1	204	-3.69	I12	sample	sample	150150	149630	148120	149630	149300	0.586	0.521	0.562	-0.77	-0.94	-0.833	CTPS1	1503
1	270	-3.71	L06	sample	sample	149810	161810	164670	161810	158763.333333333	0.585	0.564	0.624	-0.774	-0.827	-0.68	SLC7A2	6542
2	275	-4.38	L11	sample	sample	259050	228480	204640	228480	230723.333333333	0.53	0.534	0.562	-0.915	-0.905	-0.83	UCP2	7351
2	203	-4.5	I11	sample	sample	275050	214340	177650	214340	222346.666666667	0.563	0.501	0.488	-0.828	-0.997	-1.035	CAD	790
1	35	-4.71	B11	sample	sample	129520	135450	164190	135450	143053.333333333	0.506	0.472	0.622	-0.984	-1.084	-0.684	CAD	790
2	107	-5.07	E11	sample	sample	234570	197870	191540	197870	207993.333333333	0.48	0.462	0.526	-1.058	-1.113	-0.926	UCP2	7351
2	267	-5.93	L03	sample	sample	183300	182920	169640	182920	178620	0.375	0.428	0.466	-1.414	-1.226	-1.101	SLC2A8	29988
1	267	-7.22	L03	sample	sample	116280	92180	83550	92180	97336.6666666667	0.454	0.321	0.317	-1.139	-1.639	-1.659	SLC2A8	29988
1	107	-7.74	E11	sample	sample	77260	103810	76860	77260	85976.6666666667	0.302	0.362	0.291	-1.729	-1.468	-1.779	UCP2	7351
2	99	-7.76	E03	sample	sample	158860	127900	132820	132820	139860	0.325	0.299	0.365	-1.62	-1.742	-1.454	SLC2A8	29988
1	99	-7.88	E03	sample	sample	81910	80770	77220	80770	79966.6666666667	0.32	0.281	0.293	-1.645	-1.83	-1.772	SLC2A8	29988
1	203	-8.01	I11	sample	sample	73540	91100	83210	83210	82616.6666666667	0.287	0.317	0.315	-1.8	-1.656	-1.665	CAD	790
1	275	-8.2	L11	sample	sample	86370	63940	71380	71380	73896.6666666667	0.337	0.223	0.271	-1.568	-2.167	-1.886	UCP2	7351
2	383	-12.45	P23	siplk1	siplk1	80590	62470	60250	62470	67770	0.165	0.146	0.166	-2.599	-2.776	-2.595	NA	NA
2	359	-13.8	O23	siplk1	siplk1	54830	59150	43380	54830	52453.3333333333	0.112	0.138	0.119	-3.155	-2.855	-3.068	NA	NA
2	335	-14.15	N23	siplk1	siplk1	45690	56250	51610	51610	51183.3333333333	0.0936	0.131	0.142	-3.418	-2.927	-2.818	NA	NA
2	362	-14.52	P02	siplk1	siplk1	66680	44260	35980	44260	48973.3333333333	0.137	0.103	0.0989	-2.872	-3.273	-3.338	NA	NA
2	311	-14.9	M23	siplk1	siplk1	53750	50510	49750	50510	51336.6666666667	0.11	0.118	0.137	-3.183	-3.083	-2.871	NA	NA
2	338	-14.94	O02	siplk1	siplk1	60270	36580	33700	36580	43516.6666666667	0.123	0.0855	0.0926	-3.018	-3.548	-3.433	NA	NA
2	290	-17.29	M02	siplk1	siplk1	36400	35880	28560	35880	33613.3333333333	0.0745	0.0839	0.0785	-3.746	-3.576	-3.672	NA	NA
1	383	-17.37	P23	siplk1	siplk1	14600	23800	21340	21340	19913.3333333333	0.057	0.0829	0.0809	-4.133	-3.593	-3.628	NA	NA
2	314	-17.61	N02	siplk1	siplk1	38200	33860	30400	33860	34153.3333333333	0.0782	0.0791	0.0835	-3.676	-3.66	-3.581	NA	NA
1	335	-18.12	N23	siplk1	siplk1	15580	21380	19380	19380	18780	0.0608	0.0745	0.0735	-4.039	-3.747	-3.767	NA	NA
1	359	-18.21	O23	siplk1	siplk1	16140	21100	16180	16180	17806.6666666667	0.063	0.0735	0.0613	-3.988	-3.766	-4.027	NA	NA
1	311	-18.3	M23	siplk1	siplk1	18140	18300	21360	18300	19266.6666666667	0.0708	0.0637	0.081	-3.82	-3.972	-3.626	NA	NA
1	362	-19.5	P02	siplk1	siplk1	15260	15200	12120	15200	14193.3333333333	0.0596	0.0529	0.0459	-4.069	-4.239	-4.444	NA	NA
1	290	-20.44	M02	siplk1	siplk1	13320	10940	12180	12180	12146.6666666667	0.052	0.0381	0.0462	-4.265	-4.714	-4.437	NA	NA
1	314	-20.8	N02	siplk1	siplk1	12640	12880	11220	12640	12246.6666666667	0.0494	0.0449	0.0425	-4.341	-4.478	-4.555	NA	NA
1	338	-21.48	O02	siplk1	siplk1	11460	11560	12180	11560	11733.3333333333	0.0447	0.0403	0.0462	-4.482	-4.634	-4.437	NA	NA
1	1	NA	A01	empty	empty	NA	NA	NA	NA	NA	NA	NA	NA	NA	NA	NA	NA	NA
1	3	NA	A03	empty	empty	NA	NA	NA	NA	NA	NA	NA	NA	NA	NA	NA	NA	NA
1	4	NA	A04	empty	empty	NA	NA	NA	NA	NA	NA	NA	NA	NA	NA	NA	NA	NA
1	5	NA	A05	empty	empty	NA	NA	NA	NA	NA	NA	NA	NA	NA	NA	NA	NA	NA
1	6	NA	A06	empty	empty	NA	NA	NA	NA	NA	NA	NA	NA	NA	NA	NA	NA	NA
1	7	NA	A07	empty	empty	NA	NA	NA	NA	NA	NA	NA	NA	NA	NA	NA	NA	NA
1	8	NA	A08	empty	empty	NA	NA	NA	NA	NA	NA	NA	NA	NA	NA	NA	NA	NA
1	9	NA	A09	empty	empty	NA	NA	NA	NA	NA	NA	NA	NA	NA	NA	NA	NA	NA
1	10	NA	A10	empty	empty	NA	NA	NA	NA	NA	NA	NA	NA	NA	NA	NA	NA	NA
1	11	NA	A11	empty	empty	NA	NA	NA	NA	NA	NA	NA	NA	NA	NA	NA	NA	NA
1	12	NA	A12	empty	empty	NA	NA	NA	NA	NA	NA	NA	NA	NA	NA	NA	NA	NA
1	13	NA	A13	empty	empty	NA	NA	NA	NA	NA	NA	NA	NA	NA	NA	NA	NA	NA
1	14	NA	A14	empty	empty	NA	NA	NA	NA	NA	NA	NA	NA	NA	NA	NA	NA	NA
1	15	NA	A15	empty	empty	NA	NA	NA	NA	NA	NA	NA	NA	NA	NA	NA	NA	NA
1	16	NA	A16	empty	empty	NA	NA	NA	NA	NA	NA	NA	NA	NA	NA	NA	NA	NA
1	17	NA	A17	empty	empty	NA	NA	NA	NA	NA	NA	NA	NA	NA	NA	NA	NA	NA
1	18	NA	A18	empty	empty	NA	NA	NA	NA	NA	NA	NA	NA	NA	NA	NA	NA	NA
1	19	NA	A19	empty	empty	NA	NA	NA	NA	NA	NA	NA	NA	NA	NA	NA	NA	NA
1	20	NA	A20	empty	empty	NA	NA	NA	NA	NA	NA	NA	NA	NA	NA	NA	NA	NA
1	21	NA	A21	empty	empty	NA	NA	NA	NA	NA	NA	NA	NA	NA	NA	NA	NA	NA
1	22	NA	A22	empty	empty	NA	NA	NA	NA	NA	NA	NA	NA	NA	NA	NA	NA	NA
1	24	NA	A24	empty	empty	NA	NA	NA	NA	NA	NA	NA	NA	NA	NA	NA	NA	NA
1	25	NA	B01	empty	empty	NA	NA	NA	NA	NA	NA	NA	NA	NA	NA	NA	NA	NA
1	48	NA	B24	empty	empty	NA	NA	NA	NA	NA	NA	NA	NA	NA	NA	NA	NA	NA
1	49	NA	C01	empty	empty	NA	NA	NA	NA	NA	NA	NA	NA	NA	NA	NA	NA	NA
1	72	NA	C24	empty	empty	NA	NA	NA	NA	NA	NA	NA	NA	NA	NA	NA	NA	NA
1	73	NA	D01	empty	empty	NA	NA	NA	NA	NA	NA	NA	NA	NA	NA	NA	NA	NA
1	96	NA	D24	empty	empty	NA	NA	NA	NA	NA	NA	NA	NA	NA	NA	NA	NA	NA
1	97	NA	E01	empty	empty	NA	NA	NA	NA	NA	NA	NA	NA	NA	NA	NA	NA	NA
1	108	NA	E12	empty	empty	NA	NA	NA	NA	NA	NA	NA	NA	NA	NA	NA	NA	NA
1	109	NA	E13	empty	empty	NA	NA	NA	NA	NA	NA	NA	NA	NA	NA	NA	NA	NA
1	110	NA	E14	empty	empty	NA	NA	NA	NA	NA	NA	NA	NA	NA	NA	NA	NA	NA
1	111	NA	E15	empty	empty	NA	NA	NA	NA	NA	NA	NA	NA	NA	NA	NA	NA	NA
1	112	NA	E16	empty	empty	NA	NA	NA	NA	NA	NA	NA	NA	NA	NA	NA	NA	NA
1	113	NA	E17	empty	empty	NA	NA	NA	NA	NA	NA	NA	NA	NA	NA	NA	NA	NA
1	114	NA	E18	empty	empty	NA	NA	NA	NA	NA	NA	NA	NA	NA	NA	NA	NA	NA
1	115	NA	E19	empty	empty	NA	NA	NA	NA	NA	NA	NA	NA	NA	NA	NA	NA	NA
1	116	NA	E20	empty	empty	NA	NA	NA	NA	NA	NA	NA	NA	NA	NA	NA	NA	NA
1	117	NA	E21	empty	empty	NA	NA	NA	NA	NA	NA	NA	NA	NA	NA	NA	NA	NA
1	118	NA	E22	empty	empty	NA	NA	NA	NA	NA	NA	NA	NA	NA	NA	NA	NA	NA
1	120	NA	E24	empty	empty	NA	NA	NA	NA	NA	NA	NA	NA	NA	NA	NA	NA	NA
1	121	NA	F01	empty	empty	NA	NA	NA	NA	NA	NA	NA	NA	NA	NA	NA	NA	NA
1	123	NA	F03	empty	empty	NA	NA	NA	NA	NA	NA	NA	NA	NA	NA	NA	NA	NA
1	124	NA	F04	empty	empty	NA	NA	NA	NA	NA	NA	NA	NA	NA	NA	NA	NA	NA
1	125	NA	F05	empty	empty	NA	NA	NA	NA	NA	NA	NA	NA	NA	NA	NA	NA	NA
1	126	NA	F06	empty	empty	NA	NA	NA	NA	NA	NA	NA	NA	NA	NA	NA	NA	NA
1	127	NA	F07	empty	empty	NA	NA	NA	NA	NA	NA	NA	NA	NA	NA	NA	NA	NA
1	128	NA	F08	empty	empty	NA	NA	NA	NA	NA	NA	NA	NA	NA	NA	NA	NA	NA
1	129	NA	F09	empty	empty	NA	NA	NA	NA	NA	NA	NA	NA	NA	NA	NA	NA	NA
1	130	NA	F10	empty	empty	NA	NA	NA	NA	NA	NA	NA	NA	NA	NA	NA	NA	NA
1	131	NA	F11	empty	empty	NA	NA	NA	NA	NA	NA	NA	NA	NA	NA	NA	NA	NA
1	132	NA	F12	empty	empty	NA	NA	NA	NA	NA	NA	NA	NA	NA	NA	NA	NA	NA
1	133	NA	F13	empty	empty	NA	NA	NA	NA	NA	NA	NA	NA	NA	NA	NA	NA	NA
1	134	NA	F14	empty	empty	NA	NA	NA	NA	NA	NA	NA	NA	NA	NA	NA	NA	NA
1	135	NA	F15	empty	empty	NA	NA	NA	NA	NA	NA	NA	NA	NA	NA	NA	NA	NA
1	136	NA	F16	empty	empty	NA	NA	NA	NA	NA	NA	NA	NA	NA	NA	NA	NA	NA
1	137	NA	F17	empty	empty	NA	NA	NA	NA	NA	NA	NA	NA	NA	NA	NA	NA	NA
1	138	NA	F18	empty	empty	NA	NA	NA	NA	NA	NA	NA	NA	NA	NA	NA	NA	NA
1	139	NA	F19	empty	empty	NA	NA	NA	NA	NA	NA	NA	NA	NA	NA	NA	NA	NA
1	140	NA	F20	empty	empty	NA	NA	NA	NA	NA	NA	NA	NA	NA	NA	NA	NA	NA
1	141	NA	F21	empty	empty	NA	NA	NA	NA	NA	NA	NA	NA	NA	NA	NA	NA	NA
1	142	NA	F22	empty	empty	NA	NA	NA	NA	NA	NA	NA	NA	NA	NA	NA	NA	NA
1	144	NA	F24	empty	empty	NA	NA	NA	NA	NA	NA	NA	NA	NA	NA	NA	NA	NA
1	145	NA	G01	empty	empty	NA	NA	NA	NA	NA	NA	NA	NA	NA	NA	NA	NA	NA
1	147	NA	G03	empty	empty	NA	NA	NA	NA	NA	NA	NA	NA	NA	NA	NA	NA	NA
1	148	NA	G04	empty	empty	NA	NA	NA	NA	NA	NA	NA	NA	NA	NA	NA	NA	NA
1	149	NA	G05	empty	empty	NA	NA	NA	NA	NA	NA	NA	NA	NA	NA	NA	NA	NA
1	150	NA	G06	empty	empty	NA	NA	NA	NA	NA	NA	NA	NA	NA	NA	NA	NA	NA
1	151	NA	G07	empty	empty	NA	NA	NA	NA	NA	NA	NA	NA	NA	NA	NA	NA	NA
1	152	NA	G08	empty	empty	NA	NA	NA	NA	NA	NA	NA	NA	NA	NA	NA	NA	NA
1	153	NA	G09	empty	empty	NA	NA	NA	NA	NA	NA	NA	NA	NA	NA	NA	NA	NA
1	154	NA	G10	empty	empty	NA	NA	NA	NA	NA	NA	NA	NA	NA	NA	NA	NA	NA
1	155	NA	G11	empty	empty	NA	NA	NA	NA	NA	NA	NA	NA	NA	NA	NA	NA	NA
1	156	NA	G12	empty	empty	NA	NA	NA	NA	NA	NA	NA	NA	NA	NA	NA	NA	NA
1	157	NA	G13	empty	empty	NA	NA	NA	NA	NA	NA	NA	NA	NA	NA	NA	NA	NA
1	158	NA	G14	empty	empty	NA	NA	NA	NA	NA	NA	NA	NA	NA	NA	NA	NA	NA
1	159	NA	G15	empty	empty	NA	NA	NA	NA	NA	NA	NA	NA	NA	NA	NA	NA	NA
1	160	NA	G16	empty	empty	NA	NA	NA	NA	NA	NA	NA	NA	NA	NA	NA	NA	NA
1	161	NA	G17	empty	empty	NA	NA	NA	NA	NA	NA	NA	NA	NA	NA	NA	NA	NA
1	162	NA	G18	empty	empty	NA	NA	NA	NA	NA	NA	NA	NA	NA	NA	NA	NA	NA
1	163	NA	G19	empty	empty	NA	NA	NA	NA	NA	NA	NA	NA	NA	NA	NA	NA	NA
1	164	NA	G20	empty	empty	NA	NA	NA	NA	NA	NA	NA	NA	NA	NA	NA	NA	NA
1	165	NA	G21	empty	empty	NA	NA	NA	NA	NA	NA	NA	NA	NA	NA	NA	NA	NA
1	166	NA	G22	empty	empty	NA	NA	NA	NA	NA	NA	NA	NA	NA	NA	NA	NA	NA
1	168	NA	G24	empty	empty	NA	NA	NA	NA	NA	NA	NA	NA	NA	NA	NA	NA	NA
1	169	NA	H01	empty	empty	NA	NA	NA	NA	NA	NA	NA	NA	NA	NA	NA	NA	NA
1	171	NA	H03	empty	empty	NA	NA	NA	NA	NA	NA	NA	NA	NA	NA	NA	NA	NA
1	172	NA	H04	empty	empty	NA	NA	NA	NA	NA	NA	NA	NA	NA	NA	NA	NA	NA
1	173	NA	H05	empty	empty	NA	NA	NA	NA	NA	NA	NA	NA	NA	NA	NA	NA	NA
1	174	NA	H06	empty	empty	NA	NA	NA	NA	NA	NA	NA	NA	NA	NA	NA	NA	NA
1	175	NA	H07	empty	empty	NA	NA	NA	NA	NA	NA	NA	NA	NA	NA	NA	NA	NA
1	176	NA	H08	empty	empty	NA	NA	NA	NA	NA	NA	NA	NA	NA	NA	NA	NA	NA
1	177	NA	H09	empty	empty	NA	NA	NA	NA	NA	NA	NA	NA	NA	NA	NA	NA	NA
1	178	NA	H10	empty	empty	NA	NA	NA	NA	NA	NA	NA	NA	NA	NA	NA	NA	NA
1	179	NA	H11	empty	empty	NA	NA	NA	NA	NA	NA	NA	NA	NA	NA	NA	NA	NA
1	180	NA	H12	empty	empty	NA	NA	NA	NA	NA	NA	NA	NA	NA	NA	NA	NA	NA
1	181	NA	H13	empty	empty	NA	NA	NA	NA	NA	NA	NA	NA	NA	NA	NA	NA	NA
1	182	NA	H14	empty	empty	NA	NA	NA	NA	NA	NA	NA	NA	NA	NA	NA	NA	NA
1	183	NA	H15	empty	empty	NA	NA	NA	NA	NA	NA	NA	NA	NA	NA	NA	NA	NA
1	184	NA	H16	empty	empty	NA	NA	NA	NA	NA	NA	NA	NA	NA	NA	NA	NA	NA
1	185	NA	H17	empty	empty	NA	NA	NA	NA	NA	NA	NA	NA	NA	NA	NA	NA	NA
1	186	NA	H18	empty	empty	NA	NA	NA	NA	NA	NA	NA	NA	NA	NA	NA	NA	NA
1	187	NA	H19	empty	empty	NA	NA	NA	NA	NA	NA	NA	NA	NA	NA	NA	NA	NA
1	188	NA	H20	empty	empty	NA	NA	NA	NA	NA	NA	NA	NA	NA	NA	NA	NA	NA
1	189	NA	H21	empty	empty	NA	NA	NA	NA	NA	NA	NA	NA	NA	NA	NA	NA	NA
1	190	NA	H22	empty	empty	NA	NA	NA	NA	NA	NA	NA	NA	NA	NA	NA	NA	NA
1	192	NA	H24	empty	empty	NA	NA	NA	NA	NA	NA	NA	NA	NA	NA	NA	NA	NA
1	193	NA	I01	empty	empty	NA	NA	NA	NA	NA	NA	NA	NA	NA	NA	NA	NA	NA
1	216	NA	I24	empty	empty	NA	NA	NA	NA	NA	NA	NA	NA	NA	NA	NA	NA	NA
1	217	NA	J01	empty	empty	NA	NA	NA	NA	NA	NA	NA	NA	NA	NA	NA	NA	NA
1	240	NA	J24	empty	empty	NA	NA	NA	NA	NA	NA	NA	NA	NA	NA	NA	NA	NA
1	241	NA	K01	empty	empty	NA	NA	NA	NA	NA	NA	NA	NA	NA	NA	NA	NA	NA
1	264	NA	K24	empty	empty	NA	NA	NA	NA	NA	NA	NA	NA	NA	NA	NA	NA	NA
1	265	NA	L01	empty	empty	NA	NA	NA	NA	NA	NA	NA	NA	NA	NA	NA	NA	NA
1	276	NA	L12	empty	empty	NA	NA	NA	NA	NA	NA	NA	NA	NA	NA	NA	NA	NA
1	277	NA	L13	empty	empty	NA	NA	NA	NA	NA	NA	NA	NA	NA	NA	NA	NA	NA
1	278	NA	L14	empty	empty	NA	NA	NA	NA	NA	NA	NA	NA	NA	NA	NA	NA	NA
1	279	NA	L15	empty	empty	NA	NA	NA	NA	NA	NA	NA	NA	NA	NA	NA	NA	NA
1	280	NA	L16	empty	empty	NA	NA	NA	NA	NA	NA	NA	NA	NA	NA	NA	NA	NA
1	281	NA	L17	empty	empty	NA	NA	NA	NA	NA	NA	NA	NA	NA	NA	NA	NA	NA
1	282	NA	L18	empty	empty	NA	NA	NA	NA	NA	NA	NA	NA	NA	NA	NA	NA	NA
1	283	NA	L19	empty	empty	NA	NA	NA	NA	NA	NA	NA	NA	NA	NA	NA	NA	NA
1	284	NA	L20	empty	empty	NA	NA	NA	NA	NA	NA	NA	NA	NA	NA	NA	NA	NA
1	285	NA	L21	empty	empty	NA	NA	NA	NA	NA	NA	NA	NA	NA	NA	NA	NA	NA
1	286	NA	L22	empty	empty	NA	NA	NA	NA	NA	NA	NA	NA	NA	NA	NA	NA	NA
1	288	NA	L24	empty	empty	NA	NA	NA	NA	NA	NA	NA	NA	NA	NA	NA	NA	NA
1	289	NA	M01	empty	empty	NA	NA	NA	NA	NA	NA	NA	NA	NA	NA	NA	NA	NA
1	291	NA	M03	empty	empty	NA	NA	NA	NA	NA	NA	NA	NA	NA	NA	NA	NA	NA
1	292	NA	M04	empty	empty	NA	NA	NA	NA	NA	NA	NA	NA	NA	NA	NA	NA	NA
1	293	NA	M05	empty	empty	NA	NA	NA	NA	NA	NA	NA	NA	NA	NA	NA	NA	NA
1	294	NA	M06	empty	empty	NA	NA	NA	NA	NA	NA	NA	NA	NA	NA	NA	NA	NA
1	295	NA	M07	empty	empty	NA	NA	NA	NA	NA	NA	NA	NA	NA	NA	NA	NA	NA
1	296	NA	M08	empty	empty	NA	NA	NA	NA	NA	NA	NA	NA	NA	NA	NA	NA	NA
1	297	NA	M09	empty	empty	NA	NA	NA	NA	NA	NA	NA	NA	NA	NA	NA	NA	NA
1	298	NA	M10	empty	empty	NA	NA	NA	NA	NA	NA	NA	NA	NA	NA	NA	NA	NA
1	299	NA	M11	empty	empty	NA	NA	NA	NA	NA	NA	NA	NA	NA	NA	NA	NA	NA
1	300	NA	M12	empty	empty	NA	NA	NA	NA	NA	NA	NA	NA	NA	NA	NA	NA	NA
1	301	NA	M13	empty	empty	NA	NA	NA	NA	NA	NA	NA	NA	NA	NA	NA	NA	NA
1	302	NA	M14	empty	empty	NA	NA	NA	NA	NA	NA	NA	NA	NA	NA	NA	NA	NA
1	303	NA	M15	empty	empty	NA	NA	NA	NA	NA	NA	NA	NA	NA	NA	NA	NA	NA
1	304	NA	M16	empty	empty	NA	NA	NA	NA	NA	NA	NA	NA	NA	NA	NA	NA	NA
1	305	NA	M17	empty	empty	NA	NA	NA	NA	NA	NA	NA	NA	NA	NA	NA	NA	NA
1	306	NA	M18	empty	empty	NA	NA	NA	NA	NA	NA	NA	NA	NA	NA	NA	NA	NA
1	307	NA	M19	empty	empty	NA	NA	NA	NA	NA	NA	NA	NA	NA	NA	NA	NA	NA
1	308	NA	M20	empty	empty	NA	NA	NA	NA	NA	NA	NA	NA	NA	NA	NA	NA	NA
1	309	NA	M21	empty	empty	NA	NA	NA	NA	NA	NA	NA	NA	NA	NA	NA	NA	NA
1	310	NA	M22	empty	empty	NA	NA	NA	NA	NA	NA	NA	NA	NA	NA	NA	NA	NA
1	312	NA	M24	empty	empty	NA	NA	NA	NA	NA	NA	NA	NA	NA	NA	NA	NA	NA
1	313	NA	N01	empty	empty	NA	NA	NA	NA	NA	NA	NA	NA	NA	NA	NA	NA	NA
1	315	NA	N03	empty	empty	NA	NA	NA	NA	NA	NA	NA	NA	NA	NA	NA	NA	NA
1	316	NA	N04	empty	empty	NA	NA	NA	NA	NA	NA	NA	NA	NA	NA	NA	NA	NA
1	317	NA	N05	empty	empty	NA	NA	NA	NA	NA	NA	NA	NA	NA	NA	NA	NA	NA
1	318	NA	N06	empty	empty	NA	NA	NA	NA	NA	NA	NA	NA	NA	NA	NA	NA	NA
1	319	NA	N07	empty	empty	NA	NA	NA	NA	NA	NA	NA	NA	NA	NA	NA	NA	NA
1	320	NA	N08	empty	empty	NA	NA	NA	NA	NA	NA	NA	NA	NA	NA	NA	NA	NA
1	321	NA	N09	empty	empty	NA	NA	NA	NA	NA	NA	NA	NA	NA	NA	NA	NA	NA
1	322	NA	N10	empty	empty	NA	NA	NA	NA	NA	NA	NA	NA	NA	NA	NA	NA	NA
1	323	NA	N11	empty	empty	NA	NA	NA	NA	NA	NA	NA	NA	NA	NA	NA	NA	NA
1	324	NA	N12	empty	empty	NA	NA	NA	NA	NA	NA	NA	NA	NA	NA	NA	NA	NA
1	325	NA	N13	empty	empty	NA	NA	NA	NA	NA	NA	NA	NA	NA	NA	NA	NA	NA
1	326	NA	N14	empty	empty	NA	NA	NA	NA	NA	NA	NA	NA	NA	NA	NA	NA	NA
1	327	NA	N15	empty	empty	NA	NA	NA	NA	NA	NA	NA	NA	NA	NA	NA	NA	NA
1	328	NA	N16	empty	empty	NA	NA	NA	NA	NA	NA	NA	NA	NA	NA	NA	NA	NA
1	329	NA	N17	empty	empty	NA	NA	NA	NA	NA	NA	NA	NA	NA	NA	NA	NA	NA
1	330	NA	N18	empty	empty	NA	NA	NA	NA	NA	NA	NA	NA	NA	NA	NA	NA	NA
1	331	NA	N19	empty	empty	NA	NA	NA	NA	NA	NA	NA	NA	NA	NA	NA	NA	NA
1	332	NA	N20	empty	empty	NA	NA	NA	NA	NA	NA	NA	NA	NA	NA	NA	NA	NA
1	333	NA	N21	empty	empty	NA	NA	NA	NA	NA	NA	NA	NA	NA	NA	NA	NA	NA
1	334	NA	N22	empty	empty	NA	NA	NA	NA	NA	NA	NA	NA	NA	NA	NA	NA	NA
1	336	NA	N24	empty	empty	NA	NA	NA	NA	NA	NA	NA	NA	NA	NA	NA	NA	NA
1	337	NA	O01	empty	empty	NA	NA	NA	NA	NA	NA	NA	NA	NA	NA	NA	NA	NA
1	339	NA	O03	empty	empty	NA	NA	NA	NA	NA	NA	NA	NA	NA	NA	NA	NA	NA
1	340	NA	O04	empty	empty	NA	NA	NA	NA	NA	NA	NA	NA	NA	NA	NA	NA	NA
1	341	NA	O05	empty	empty	NA	NA	NA	NA	NA	NA	NA	NA	NA	NA	NA	NA	NA
1	342	NA	O06	empty	empty	NA	NA	NA	NA	NA	NA	NA	NA	NA	NA	NA	NA	NA
1	343	NA	O07	empty	empty	NA	NA	NA	NA	NA	NA	NA	NA	NA	NA	NA	NA	NA
1	344	NA	O08	empty	empty	NA	NA	NA	NA	NA	NA	NA	NA	NA	NA	NA	NA	NA
1	345	NA	O09	empty	empty	NA	NA	NA	NA	NA	NA	NA	NA	NA	NA	NA	NA	NA
1	346	NA	O10	empty	empty	NA	NA	NA	NA	NA	NA	NA	NA	NA	NA	NA	NA	NA
1	347	NA	O11	empty	empty	NA	NA	NA	NA	NA	NA	NA	NA	NA	NA	NA	NA	NA
1	348	NA	O12	empty	empty	NA	NA	NA	NA	NA	NA	NA	NA	NA	NA	NA	NA	NA
1	349	NA	O13	empty	empty	NA	NA	NA	NA	NA	NA	NA	NA	NA	NA	NA	NA	NA
1	350	NA	O14	empty	empty	NA	NA	NA	NA	NA	NA	NA	NA	NA	NA	NA	NA	NA
1	351	NA	O15	empty	empty	NA	NA	NA	NA	NA	NA	NA	NA	NA	NA	NA	NA	NA
1	352	NA	O16	empty	empty	NA	NA	NA	NA	NA	NA	NA	NA	NA	NA	NA	NA	NA
1	353	NA	O17	empty	empty	NA	NA	NA	NA	NA	NA	NA	NA	NA	NA	NA	NA	NA
1	354	NA	O18	empty	empty	NA	NA	NA	NA	NA	NA	NA	NA	NA	NA	NA	NA	NA
1	355	NA	O19	empty	empty	NA	NA	NA	NA	NA	NA	NA	NA	NA	NA	NA	NA	NA
1	356	NA	O20	empty	empty	NA	NA	NA	NA	NA	NA	NA	NA	NA	NA	NA	NA	NA
1	357	NA	O21	empty	empty	NA	NA	NA	NA	NA	NA	NA	NA	NA	NA	NA	NA	NA
1	358	NA	O22	empty	empty	NA	NA	NA	NA	NA	NA	NA	NA	NA	NA	NA	NA	NA
1	360	NA	O24	empty	empty	NA	NA	NA	NA	NA	NA	NA	NA	NA	NA	NA	NA	NA
1	361	NA	P01	empty	empty	NA	NA	NA	NA	NA	NA	NA	NA	NA	NA	NA	NA	NA
1	363	NA	P03	empty	empty	NA	NA	NA	NA	NA	NA	NA	NA	NA	NA	NA	NA	NA
1	364	NA	P04	empty	empty	NA	NA	NA	NA	NA	NA	NA	NA	NA	NA	NA	NA	NA
1	365	NA	P05	empty	empty	NA	NA	NA	NA	NA	NA	NA	NA	NA	NA	NA	NA	NA
1	366	NA	P06	empty	empty	NA	NA	NA	NA	NA	NA	NA	NA	NA	NA	NA	NA	NA
1	367	NA	P07	empty	empty	NA	NA	NA	NA	NA	NA	NA	NA	NA	NA	NA	NA	NA
1	368	NA	P08	empty	empty	NA	NA	NA	NA	NA	NA	NA	NA	NA	NA	NA	NA	NA
1	369	NA	P09	empty	empty	NA	NA	NA	NA	NA	NA	NA	NA	NA	NA	NA	NA	NA
1	370	NA	P10	empty	empty	NA	NA	NA	NA	NA	NA	NA	NA	NA	NA	NA	NA	NA
1	371	NA	P11	empty	empty	NA	NA	NA	NA	NA	NA	NA	NA	NA	NA	NA	NA	NA
1	372	NA	P12	empty	empty	NA	NA	NA	NA	NA	NA	NA	NA	NA	NA	NA	NA	NA
1	373	NA	P13	empty	empty	NA	NA	NA	NA	NA	NA	NA	NA	NA	NA	NA	NA	NA
1	374	NA	P14	empty	empty	NA	NA	NA	NA	NA	NA	NA	NA	NA	NA	NA	NA	NA
1	375	NA	P15	empty	empty	NA	NA	NA	NA	NA	NA	NA	NA	NA	NA	NA	NA	NA
1	376	NA	P16	empty	empty	NA	NA	NA	NA	NA	NA	NA	NA	NA	NA	NA	NA	NA
1	377	NA	P17	empty	empty	NA	NA	NA	NA	NA	NA	NA	NA	NA	NA	NA	NA	NA
1	378	NA	P18	empty	empty	NA	NA	NA	NA	NA	NA	NA	NA	NA	NA	NA	NA	NA
1	379	NA	P19	empty	empty	NA	NA	NA	NA	NA	NA	NA	NA	NA	NA	NA	NA	NA
1	380	NA	P20	empty	empty	NA	NA	NA	NA	NA	NA	NA	NA	NA	NA	NA	NA	NA
1	381	NA	P21	empty	empty	NA	NA	NA	NA	NA	NA	NA	NA	NA	NA	NA	NA	NA
1	382	NA	P22	empty	empty	NA	NA	NA	NA	NA	NA	NA	NA	NA	NA	NA	NA	NA
1	384	NA	P24	empty	empty	NA	NA	NA	NA	NA	NA	NA	NA	NA	NA	NA	NA	NA
2	1	NA	A01	empty	empty	NA	NA	NA	NA	NA	NA	NA	NA	NA	NA	NA	NA	NA
2	3	NA	A03	empty	empty	NA	NA	NA	NA	NA	NA	NA	NA	NA	NA	NA	NA	NA
2	4	NA	A04	empty	empty	NA	NA	NA	NA	NA	NA	NA	NA	NA	NA	NA	NA	NA
2	5	NA	A05	empty	empty	NA	NA	NA	NA	NA	NA	NA	NA	NA	NA	NA	NA	NA
2	6	NA	A06	empty	empty	NA	NA	NA	NA	NA	NA	NA	NA	NA	NA	NA	NA	NA
2	7	NA	A07	empty	empty	NA	NA	NA	NA	NA	NA	NA	NA	NA	NA	NA	NA	NA
2	8	NA	A08	empty	empty	NA	NA	NA	NA	NA	NA	NA	NA	NA	NA	NA	NA	NA
2	9	NA	A09	empty	empty	NA	NA	NA	NA	NA	NA	NA	NA	NA	NA	NA	NA	NA
2	10	NA	A10	empty	empty	NA	NA	NA	NA	NA	NA	NA	NA	NA	NA	NA	NA	NA
2	11	NA	A11	empty	empty	NA	NA	NA	NA	NA	NA	NA	NA	NA	NA	NA	NA	NA
2	12	NA	A12	empty	empty	NA	NA	NA	NA	NA	NA	NA	NA	NA	NA	NA	NA	NA
2	13	NA	A13	empty	empty	NA	NA	NA	NA	NA	NA	NA	NA	NA	NA	NA	NA	NA
2	14	NA	A14	empty	empty	NA	NA	NA	NA	NA	NA	NA	NA	NA	NA	NA	NA	NA
2	15	NA	A15	empty	empty	NA	NA	NA	NA	NA	NA	NA	NA	NA	NA	NA	NA	NA
2	16	NA	A16	empty	empty	NA	NA	NA	NA	NA	NA	NA	NA	NA	NA	NA	NA	NA
2	17	NA	A17	empty	empty	NA	NA	NA	NA	NA	NA	NA	NA	NA	NA	NA	NA	NA
2	18	NA	A18	empty	empty	NA	NA	NA	NA	NA	NA	NA	NA	NA	NA	NA	NA	NA
2	19	NA	A19	empty	empty	NA	NA	NA	NA	NA	NA	NA	NA	NA	NA	NA	NA	NA
2	20	NA	A20	empty	empty	NA	NA	NA	NA	NA	NA	NA	NA	NA	NA	NA	NA	NA
2	21	NA	A21	empty	empty	NA	NA	NA	NA	NA	NA	NA	NA	NA	NA	NA	NA	NA
2	22	NA	A22	empty	empty	NA	NA	NA	NA	NA	NA	NA	NA	NA	NA	NA	NA	NA
2	24	NA	A24	empty	empty	NA	NA	NA	NA	NA	NA	NA	NA	NA	NA	NA	NA	NA
2	25	NA	B01	empty	empty	NA	NA	NA	NA	NA	NA	NA	NA	NA	NA	NA	NA	NA
2	48	NA	B24	empty	empty	NA	NA	NA	NA	NA	NA	NA	NA	NA	NA	NA	NA	NA
2	49	NA	C01	empty	empty	NA	NA	NA	NA	NA	NA	NA	NA	NA	NA	NA	NA	NA
2	72	NA	C24	empty	empty	NA	NA	NA	NA	NA	NA	NA	NA	NA	NA	NA	NA	NA
2	73	NA	D01	empty	empty	NA	NA	NA	NA	NA	NA	NA	NA	NA	NA	NA	NA	NA
2	96	NA	D24	empty	empty	NA	NA	NA	NA	NA	NA	NA	NA	NA	NA	NA	NA	NA
2	97	NA	E01	empty	empty	NA	NA	NA	NA	NA	NA	NA	NA	NA	NA	NA	NA	NA
2	108	NA	E12	empty	empty	NA	NA	NA	NA	NA	NA	NA	NA	NA	NA	NA	NA	NA
2	109	NA	E13	empty	empty	NA	NA	NA	NA	NA	NA	NA	NA	NA	NA	NA	NA	NA
2	110	NA	E14	empty	empty	NA	NA	NA	NA	NA	NA	NA	NA	NA	NA	NA	NA	NA
2	111	NA	E15	empty	empty	NA	NA	NA	NA	NA	NA	NA	NA	NA	NA	NA	NA	NA
2	112	NA	E16	empty	empty	NA	NA	NA	NA	NA	NA	NA	NA	NA	NA	NA	NA	NA
2	113	NA	E17	empty	empty	NA	NA	NA	NA	NA	NA	NA	NA	NA	NA	NA	NA	NA
2	114	NA	E18	empty	empty	NA	NA	NA	NA	NA	NA	NA	NA	NA	NA	NA	NA	NA
2	115	NA	E19	empty	empty	NA	NA	NA	NA	NA	NA	NA	NA	NA	NA	NA	NA	NA
2	116	NA	E20	empty	empty	NA	NA	NA	NA	NA	NA	NA	NA	NA	NA	NA	NA	NA
2	117	NA	E21	empty	empty	NA	NA	NA	NA	NA	NA	NA	NA	NA	NA	NA	NA	NA
2	118	NA	E22	empty	empty	NA	NA	NA	NA	NA	NA	NA	NA	NA	NA	NA	NA	NA
2	120	NA	E24	empty	empty	NA	NA	NA	NA	NA	NA	NA	NA	NA	NA	NA	NA	NA
2	121	NA	F01	empty	empty	NA	NA	NA	NA	NA	NA	NA	NA	NA	NA	NA	NA	NA
2	123	NA	F03	empty	empty	NA	NA	NA	NA	NA	NA	NA	NA	NA	NA	NA	NA	NA
2	124	NA	F04	empty	empty	NA	NA	NA	NA	NA	NA	NA	NA	NA	NA	NA	NA	NA
2	125	NA	F05	empty	empty	NA	NA	NA	NA	NA	NA	NA	NA	NA	NA	NA	NA	NA
2	126	NA	F06	empty	empty	NA	NA	NA	NA	NA	NA	NA	NA	NA	NA	NA	NA	NA
2	127	NA	F07	empty	empty	NA	NA	NA	NA	NA	NA	NA	NA	NA	NA	NA	NA	NA
2	128	NA	F08	empty	empty	NA	NA	NA	NA	NA	NA	NA	NA	NA	NA	NA	NA	NA
2	129	NA	F09	empty	empty	NA	NA	NA	NA	NA	NA	NA	NA	NA	NA	NA	NA	NA
2	130	NA	F10	empty	empty	NA	NA	NA	NA	NA	NA	NA	NA	NA	NA	NA	NA	NA
2	131	NA	F11	empty	empty	NA	NA	NA	NA	NA	NA	NA	NA	NA	NA	NA	NA	NA
2	132	NA	F12	empty	empty	NA	NA	NA	NA	NA	NA	NA	NA	NA	NA	NA	NA	NA
2	133	NA	F13	empty	empty	NA	NA	NA	NA	NA	NA	NA	NA	NA	NA	NA	NA	NA
2	134	NA	F14	empty	empty	NA	NA	NA	NA	NA	NA	NA	NA	NA	NA	NA	NA	NA
2	135	NA	F15	empty	empty	NA	NA	NA	NA	NA	NA	NA	NA	NA	NA	NA	NA	NA
2	136	NA	F16	empty	empty	NA	NA	NA	NA	NA	NA	NA	NA	NA	NA	NA	NA	NA
2	137	NA	F17	empty	empty	NA	NA	NA	NA	NA	NA	NA	NA	NA	NA	NA	NA	NA
2	138	NA	F18	empty	empty	NA	NA	NA	NA	NA	NA	NA	NA	NA	NA	NA	NA	NA
2	139	NA	F19	empty	empty	NA	NA	NA	NA	NA	NA	NA	NA	NA	NA	NA	NA	NA
2	140	NA	F20	empty	empty	NA	NA	NA	NA	NA	NA	NA	NA	NA	NA	NA	NA	NA
2	141	NA	F21	empty	empty	NA	NA	NA	NA	NA	NA	NA	NA	NA	NA	NA	NA	NA
2	142	NA	F22	empty	empty	NA	NA	NA	NA	NA	NA	NA	NA	NA	NA	NA	NA	NA
2	144	NA	F24	empty	empty	NA	NA	NA	NA	NA	NA	NA	NA	NA	NA	NA	NA	NA
2	145	NA	G01	empty	empty	NA	NA	NA	NA	NA	NA	NA	NA	NA	NA	NA	NA	NA
2	147	NA	G03	empty	empty	NA	NA	NA	NA	NA	NA	NA	NA	NA	NA	NA	NA	NA
2	148	NA	G04	empty	empty	NA	NA	NA	NA	NA	NA	NA	NA	NA	NA	NA	NA	NA
2	149	NA	G05	empty	empty	NA	NA	NA	NA	NA	NA	NA	NA	NA	NA	NA	NA	NA
2	150	NA	G06	empty	empty	NA	NA	NA	NA	NA	NA	NA	NA	NA	NA	NA	NA	NA
2	151	NA	G07	empty	empty	NA	NA	NA	NA	NA	NA	NA	NA	NA	NA	NA	NA	NA
2	152	NA	G08	empty	empty	NA	NA	NA	NA	NA	NA	NA	NA	NA	NA	NA	NA	NA
2	153	NA	G09	empty	empty	NA	NA	NA	NA	NA	NA	NA	NA	NA	NA	NA	NA	NA
2	154	NA	G10	empty	empty	NA	NA	NA	NA	NA	NA	NA	NA	NA	NA	NA	NA	NA
2	155	NA	G11	empty	empty	NA	NA	NA	NA	NA	NA	NA	NA	NA	NA	NA	NA	NA
2	156	NA	G12	empty	empty	NA	NA	NA	NA	NA	NA	NA	NA	NA	NA	NA	NA	NA
2	157	NA	G13	empty	empty	NA	NA	NA	NA	NA	NA	NA	NA	NA	NA	NA	NA	NA
2	158	NA	G14	empty	empty	NA	NA	NA	NA	NA	NA	NA	NA	NA	NA	NA	NA	NA
2	159	NA	G15	empty	empty	NA	NA	NA	NA	NA	NA	NA	NA	NA	NA	NA	NA	NA
2	160	NA	G16	empty	empty	NA	NA	NA	NA	NA	NA	NA	NA	NA	NA	NA	NA	NA
2	161	NA	G17	empty	empty	NA	NA	NA	NA	NA	NA	NA	NA	NA	NA	NA	NA	NA
2	162	NA	G18	empty	empty	NA	NA	NA	NA	NA	NA	NA	NA	NA	NA	NA	NA	NA
2	163	NA	G19	empty	empty	NA	NA	NA	NA	NA	NA	NA	NA	NA	NA	NA	NA	NA
2	164	NA	G20	empty	empty	NA	NA	NA	NA	NA	NA	NA	NA	NA	NA	NA	NA	NA
2	165	NA	G21	empty	empty	NA	NA	NA	NA	NA	NA	NA	NA	NA	NA	NA	NA	NA
2	166	NA	G22	empty	empty	NA	NA	NA	NA	NA	NA	NA	NA	NA	NA	NA	NA	NA
2	168	NA	G24	empty	empty	NA	NA	NA	NA	NA	NA	NA	NA	NA	NA	NA	NA	NA
2	169	NA	H01	empty	empty	NA	NA	NA	NA	NA	NA	NA	NA	NA	NA	NA	NA	NA
2	171	NA	H03	empty	empty	NA	NA	NA	NA	NA	NA	NA	NA	NA	NA	NA	NA	NA
2	172	NA	H04	empty	empty	NA	NA	NA	NA	NA	NA	NA	NA	NA	NA	NA	NA	NA
2	173	NA	H05	empty	empty	NA	NA	NA	NA	NA	NA	NA	NA	NA	NA	NA	NA	NA
2	174	NA	H06	empty	empty	NA	NA	NA	NA	NA	NA	NA	NA	NA	NA	NA	NA	NA
2	175	NA	H07	empty	empty	NA	NA	NA	NA	NA	NA	NA	NA	NA	NA	NA	NA	NA
2	176	NA	H08	empty	empty	NA	NA	NA	NA	NA	NA	NA	NA	NA	NA	NA	NA	NA
2	177	NA	H09	empty	empty	NA	NA	NA	NA	NA	NA	NA	NA	NA	NA	NA	NA	NA
2	178	NA	H10	empty	empty	NA	NA	NA	NA	NA	NA	NA	NA	NA	NA	NA	NA	NA
2	179	NA	H11	empty	empty	NA	NA	NA	NA	NA	NA	NA	NA	NA	NA	NA	NA	NA
2	180	NA	H12	empty	empty	NA	NA	NA	NA	NA	NA	NA	NA	NA	NA	NA	NA	NA
2	181	NA	H13	empty	empty	NA	NA	NA	NA	NA	NA	NA	NA	NA	NA	NA	NA	NA
2	182	NA	H14	empty	empty	NA	NA	NA	NA	NA	NA	NA	NA	NA	NA	NA	NA	NA
2	183	NA	H15	empty	empty	NA	NA	NA	NA	NA	NA	NA	NA	NA	NA	NA	NA	NA
2	184	NA	H16	empty	empty	NA	NA	NA	NA	NA	NA	NA	NA	NA	NA	NA	NA	NA
2	185	NA	H17	empty	empty	NA	NA	NA	NA	NA	NA	NA	NA	NA	NA	NA	NA	NA
2	186	NA	H18	empty	empty	NA	NA	NA	NA	NA	NA	NA	NA	NA	NA	NA	NA	NA
2	187	NA	H19	empty	empty	NA	NA	NA	NA	NA	NA	NA	NA	NA	NA	NA	NA	NA
2	188	NA	H20	empty	empty	NA	NA	NA	NA	NA	NA	NA	NA	NA	NA	NA	NA	NA
2	189	NA	H21	empty	empty	NA	NA	NA	NA	NA	NA	NA	NA	NA	NA	NA	NA	NA
2	190	NA	H22	empty	empty	NA	NA	NA	NA	NA	NA	NA	NA	NA	NA	NA	NA	NA
2	192	NA	H24	empty	empty	NA	NA	NA	NA	NA	NA	NA	NA	NA	NA	NA	NA	NA
2	193	NA	I01	empty	empty	NA	NA	NA	NA	NA	NA	NA	NA	NA	NA	NA	NA	NA
2	216	NA	I24	empty	empty	NA	NA	NA	NA	NA	NA	NA	NA	NA	NA	NA	NA	NA
2	217	NA	J01	empty	empty	NA	NA	NA	NA	NA	NA	NA	NA	NA	NA	NA	NA	NA
2	240	NA	J24	empty	empty	NA	NA	NA	NA	NA	NA	NA	NA	NA	NA	NA	NA	NA
2	241	NA	K01	empty	empty	NA	NA	NA	NA	NA	NA	NA	NA	NA	NA	NA	NA	NA
2	264	NA	K24	empty	empty	NA	NA	NA	NA	NA	NA	NA	NA	NA	NA	NA	NA	NA
2	265	NA	L01	empty	empty	NA	NA	NA	NA	NA	NA	NA	NA	NA	NA	NA	NA	NA
2	276	NA	L12	empty	empty	NA	NA	NA	NA	NA	NA	NA	NA	NA	NA	NA	NA	NA
2	277	NA	L13	empty	empty	NA	NA	NA	NA	NA	NA	NA	NA	NA	NA	NA	NA	NA
2	278	NA	L14	empty	empty	NA	NA	NA	NA	NA	NA	NA	NA	NA	NA	NA	NA	NA
2	279	NA	L15	empty	empty	NA	NA	NA	NA	NA	NA	NA	NA	NA	NA	NA	NA	NA
2	280	NA	L16	empty	empty	NA	NA	NA	NA	NA	NA	NA	NA	NA	NA	NA	NA	NA
2	281	NA	L17	empty	empty	NA	NA	NA	NA	NA	NA	NA	NA	NA	NA	NA	NA	NA
2	282	NA	L18	empty	empty	NA	NA	NA	NA	NA	NA	NA	NA	NA	NA	NA	NA	NA
2	283	NA	L19	empty	empty	NA	NA	NA	NA	NA	NA	NA	NA	NA	NA	NA	NA	NA
2	284	NA	L20	empty	empty	NA	NA	NA	NA	NA	NA	NA	NA	NA	NA	NA	NA	NA
2	285	NA	L21	empty	empty	NA	NA	NA	NA	NA	NA	NA	NA	NA	NA	NA	NA	NA
2	286	NA	L22	empty	empty	NA	NA	NA	NA	NA	NA	NA	NA	NA	NA	NA	NA	NA
2	288	NA	L24	empty	empty	NA	NA	NA	NA	NA	NA	NA	NA	NA	NA	NA	NA	NA
2	289	NA	M01	empty	empty	NA	NA	NA	NA	NA	NA	NA	NA	NA	NA	NA	NA	NA
2	291	NA	M03	empty	empty	NA	NA	NA	NA	NA	NA	NA	NA	NA	NA	NA	NA	NA
2	292	NA	M04	empty	empty	NA	NA	NA	NA	NA	NA	NA	NA	NA	NA	NA	NA	NA
2	293	NA	M05	empty	empty	NA	NA	NA	NA	NA	NA	NA	NA	NA	NA	NA	NA	NA
2	294	NA	M06	empty	empty	NA	NA	NA	NA	NA	NA	NA	NA	NA	NA	NA	NA	NA
2	295	NA	M07	empty	empty	NA	NA	NA	NA	NA	NA	NA	NA	NA	NA	NA	NA	NA
2	296	NA	M08	empty	empty	NA	NA	NA	NA	NA	NA	NA	NA	NA	NA	NA	NA	NA
2	297	NA	M09	empty	empty	NA	NA	NA	NA	NA	NA	NA	NA	NA	NA	NA	NA	NA
2	298	NA	M10	empty	empty	NA	NA	NA	NA	NA	NA	NA	NA	NA	NA	NA	NA	NA
2	299	NA	M11	empty	empty	NA	NA	NA	NA	NA	NA	NA	NA	NA	NA	NA	NA	NA
2	300	NA	M12	empty	empty	NA	NA	NA	NA	NA	NA	NA	NA	NA	NA	NA	NA	NA
2	301	NA	M13	empty	empty	NA	NA	NA	NA	NA	NA	NA	NA	NA	NA	NA	NA	NA
2	302	NA	M14	empty	empty	NA	NA	NA	NA	NA	NA	NA	NA	NA	NA	NA	NA	NA
2	303	NA	M15	empty	empty	NA	NA	NA	NA	NA	NA	NA	NA	NA	NA	NA	NA	NA
2	304	NA	M16	empty	empty	NA	NA	NA	NA	NA	NA	NA	NA	NA	NA	NA	NA	NA
2	305	NA	M17	empty	empty	NA	NA	NA	NA	NA	NA	NA	NA	NA	NA	NA	NA	NA
2	306	NA	M18	empty	empty	NA	NA	NA	NA	NA	NA	NA	NA	NA	NA	NA	NA	NA
2	307	NA	M19	empty	empty	NA	NA	NA	NA	NA	NA	NA	NA	NA	NA	NA	NA	NA
2	308	NA	M20	empty	empty	NA	NA	NA	NA	NA	NA	NA	NA	NA	NA	NA	NA	NA
2	309	NA	M21	empty	empty	NA	NA	NA	NA	NA	NA	NA	NA	NA	NA	NA	NA	NA
2	310	NA	M22	empty	empty	NA	NA	NA	NA	NA	NA	NA	NA	NA	NA	NA	NA	NA
2	312	NA	M24	empty	empty	NA	NA	NA	NA	NA	NA	NA	NA	NA	NA	NA	NA	NA
2	313	NA	N01	empty	empty	NA	NA	NA	NA	NA	NA	NA	NA	NA	NA	NA	NA	NA
2	315	NA	N03	empty	empty	NA	NA	NA	NA	NA	NA	NA	NA	NA	NA	NA	NA	NA
2	316	NA	N04	empty	empty	NA	NA	NA	NA	NA	NA	NA	NA	NA	NA	NA	NA	NA
2	317	NA	N05	empty	empty	NA	NA	NA	NA	NA	NA	NA	NA	NA	NA	NA	NA	NA
2	318	NA	N06	empty	empty	NA	NA	NA	NA	NA	NA	NA	NA	NA	NA	NA	NA	NA
2	319	NA	N07	empty	empty	NA	NA	NA	NA	NA	NA	NA	NA	NA	NA	NA	NA	NA
2	320	NA	N08	empty	empty	NA	NA	NA	NA	NA	NA	NA	NA	NA	NA	NA	NA	NA
2	321	NA	N09	empty	empty	NA	NA	NA	NA	NA	NA	NA	NA	NA	NA	NA	NA	NA
2	322	NA	N10	empty	empty	NA	NA	NA	NA	NA	NA	NA	NA	NA	NA	NA	NA	NA
2	323	NA	N11	empty	empty	NA	NA	NA	NA	NA	NA	NA	NA	NA	NA	NA	NA	NA
2	324	NA	N12	empty	empty	NA	NA	NA	NA	NA	NA	NA	NA	NA	NA	NA	NA	NA
2	325	NA	N13	empty	empty	NA	NA	NA	NA	NA	NA	NA	NA	NA	NA	NA	NA	NA
2	326	NA	N14	empty	empty	NA	NA	NA	NA	NA	NA	NA	NA	NA	NA	NA	NA	NA
2	327	NA	N15	empty	empty	NA	NA	NA	NA	NA	NA	NA	NA	NA	NA	NA	NA	NA
2	328	NA	N16	empty	empty	NA	NA	NA	NA	NA	NA	NA	NA	NA	NA	NA	NA	NA
2	329	NA	N17	empty	empty	NA	NA	NA	NA	NA	NA	NA	NA	NA	NA	NA	NA	NA
2	330	NA	N18	empty	empty	NA	NA	NA	NA	NA	NA	NA	NA	NA	NA	NA	NA	NA
2	331	NA	N19	empty	empty	NA	NA	NA	NA	NA	NA	NA	NA	NA	NA	NA	NA	NA
2	332	NA	N20	empty	empty	NA	NA	NA	NA	NA	NA	NA	NA	NA	NA	NA	NA	NA
2	333	NA	N21	empty	empty	NA	NA	NA	NA	NA	NA	NA	NA	NA	NA	NA	NA	NA
2	334	NA	N22	empty	empty	NA	NA	NA	NA	NA	NA	NA	NA	NA	NA	NA	NA	NA
2	336	NA	N24	empty	empty	NA	NA	NA	NA	NA	NA	NA	NA	NA	NA	NA	NA	NA
2	337	NA	O01	empty	empty	NA	NA	NA	NA	NA	NA	NA	NA	NA	NA	NA	NA	NA
2	339	NA	O03	empty	empty	NA	NA	NA	NA	NA	NA	NA	NA	NA	NA	NA	NA	NA
2	340	NA	O04	empty	empty	NA	NA	NA	NA	NA	NA	NA	NA	NA	NA	NA	NA	NA
2	341	NA	O05	empty	empty	NA	NA	NA	NA	NA	NA	NA	NA	NA	NA	NA	NA	NA
2	342	NA	O06	empty	empty	NA	NA	NA	NA	NA	NA	NA	NA	NA	NA	NA	NA	NA
2	343	NA	O07	empty	empty	NA	NA	NA	NA	NA	NA	NA	NA	NA	NA	NA	NA	NA
2	344	NA	O08	empty	empty	NA	NA	NA	NA	NA	NA	NA	NA	NA	NA	NA	NA	NA
2	345	NA	O09	empty	empty	NA	NA	NA	NA	NA	NA	NA	NA	NA	NA	NA	NA	NA
2	346	NA	O10	empty	empty	NA	NA	NA	NA	NA	NA	NA	NA	NA	NA	NA	NA	NA
2	347	NA	O11	empty	empty	NA	NA	NA	NA	NA	NA	NA	NA	NA	NA	NA	NA	NA
2	348	NA	O12	empty	empty	NA	NA	NA	NA	NA	NA	NA	NA	NA	NA	NA	NA	NA
2	349	NA	O13	empty	empty	NA	NA	NA	NA	NA	NA	NA	NA	NA	NA	NA	NA	NA
2	350	NA	O14	empty	empty	NA	NA	NA	NA	NA	NA	NA	NA	NA	NA	NA	NA	NA
2	351	NA	O15	empty	empty	NA	NA	NA	NA	NA	NA	NA	NA	NA	NA	NA	NA	NA
2	352	NA	O16	empty	empty	NA	NA	NA	NA	NA	NA	NA	NA	NA	NA	NA	NA	NA
2	353	NA	O17	empty	empty	NA	NA	NA	NA	NA	NA	NA	NA	NA	NA	NA	NA	NA
2	354	NA	O18	empty	empty	NA	NA	NA	NA	NA	NA	NA	NA	NA	NA	NA	NA	NA
2	355	NA	O19	empty	empty	NA	NA	NA	NA	NA	NA	NA	NA	NA	NA	NA	NA	NA
2	356	NA	O20	empty	empty	NA	NA	NA	NA	NA	NA	NA	NA	NA	NA	NA	NA	NA
2	357	NA	O21	empty	empty	NA	NA	NA	NA	NA	NA	NA	NA	NA	NA	NA	NA	NA
2	358	NA	O22	empty	empty	NA	NA	NA	NA	NA	NA	NA	NA	NA	NA	NA	NA	NA
2	360	NA	O24	empty	empty	NA	NA	NA	NA	NA	NA	NA	NA	NA	NA	NA	NA	NA
2	361	NA	P01	empty	empty	NA	NA	NA	NA	NA	NA	NA	NA	NA	NA	NA	NA	NA
2	363	NA	P03	empty	empty	NA	NA	NA	NA	NA	NA	NA	NA	NA	NA	NA	NA	NA
2	364	NA	P04	empty	empty	NA	NA	NA	NA	NA	NA	NA	NA	NA	NA	NA	NA	NA
2	365	NA	P05	empty	empty	NA	NA	NA	NA	NA	NA	NA	NA	NA	NA	NA	NA	NA
2	366	NA	P06	empty	empty	NA	NA	NA	NA	NA	NA	NA	NA	NA	NA	NA	NA	NA
2	367	NA	P07	empty	empty	NA	NA	NA	NA	NA	NA	NA	NA	NA	NA	NA	NA	NA
2	368	NA	P08	empty	empty	NA	NA	NA	NA	NA	NA	NA	NA	NA	NA	NA	NA	NA
2	369	NA	P09	empty	empty	NA	NA	NA	NA	NA	NA	NA	NA	NA	NA	NA	NA	NA
2	370	NA	P10	empty	empty	NA	NA	NA	NA	NA	NA	NA	NA	NA	NA	NA	NA	NA
2	371	NA	P11	empty	empty	NA	NA	NA	NA	NA	NA	NA	NA	NA	NA	NA	NA	NA
2	372	NA	P12	empty	empty	NA	NA	NA	NA	NA	NA	NA	NA	NA	NA	NA	NA	NA
2	373	NA	P13	empty	empty	NA	NA	NA	NA	NA	NA	NA	NA	NA	NA	NA	NA	NA
2	374	NA	P14	empty	empty	NA	NA	NA	NA	NA	NA	NA	NA	NA	NA	NA	NA	NA
2	375	NA	P15	empty	empty	NA	NA	NA	NA	NA	NA	NA	NA	NA	NA	NA	NA	NA
2	376	NA	P16	empty	empty	NA	NA	NA	NA	NA	NA	NA	NA	NA	NA	NA	NA	NA
2	377	NA	P17	empty	empty	NA	NA	NA	NA	NA	NA	NA	NA	NA	NA	NA	NA	NA
2	378	NA	P18	empty	empty	NA	NA	NA	NA	NA	NA	NA	NA	NA	NA	NA	NA	NA
2	379	NA	P19	empty	empty	NA	NA	NA	NA	NA	NA	NA	NA	NA	NA	NA	NA	NA
2	380	NA	P20	empty	empty	NA	NA	NA	NA	NA	NA	NA	NA	NA	NA	NA	NA	NA
2	381	NA	P21	empty	empty	NA	NA	NA	NA	NA	NA	NA	NA	NA	NA	NA	NA	NA
2	382	NA	P22	empty	empty	NA	NA	NA	NA	NA	NA	NA	NA	NA	NA	NA	NA	NA
2	384	NA	P24	empty	empty	NA	NA	NA	NA	NA	NA	NA	NA	NA	NA	NA	NA	NA
